100 390
0 1 9393
0 2 9113
1 2 6359
0 3 9018
1 3 8871
2 3 3161
0 4 2482
1 4 4203
2 4 1970
3 4 6919
1 5 8279
2 5 8456
0 5 104
4 5 9036
2 6 9593
4 6 2655
1 6 3636
3 6 1501
1 7 6706
4 7 5
3 7 2459
2 7 5349
5 8 4089
0 8 8460
7 8 2976
3 8 8638
5 9 4900
1 9 7095
7 9 9779
3 9 1455
1 10 440
4 10 7545
9 10 980
2 10 7201
4 11 195
0 11 7540
1 11 410
3 11 8660
6 12 2028
8 12 6403
9 12 94
4 12 9340
2 13 1901
4 13 9293
6 13 3270
8 13 1591
11 14 1962
0 14 988
10 14 8485
2 14 4646
13 15 2568
2 15 6031
0 15 2310
4 15 5727
7 16 9735
9 16 1552
0 16 7946
2 16 554
12 17 3084
15 17 3950
8 17 9652
2 17 4327
12 18 3929
1 18 8496
15 18 1842
5 18 7396
0 19 3954
15 19 5002
17 19 967
5 19 3071
5 20 1302
15 20 8167
1 20 5128
4 20 4600
2 21 7063
14 21 9870
1 21 4815
8 21 5491
10 22 1750
4 22 1626
3 22 6848
1 22 2108
7 23 5579
1 23 3223
19 23 1690
14 23 2873
4 24 2479
19 24 4802
3 24 1462
12 24 3941
8 25 1358
14 25 9012
3 25 8738
11 25 532
15 26 9191
3 26 49
10 26 2890
11 26 5428
0 27 4074
8 27 7274
1 27 5643
16 27 8751
27 28 4830
11 28 3624
18 28 9184
21 28 1002
27 29 6530
3 29 5372
2 29 6712
1 29 177
2 30 9119
15 30 894
19 30 4251
10 30 9525
15 31 3775
16 31 5767
2 31 6584
0 31 8962
31 32 8476
4 32 105
9 32 2654
1 32 6019
12 33 1119
4 33 4925
13 33 8865
25 33 6729
9 34 92
19 34 3984
23 34 9976
20 34 8077
8 35 6097
15 35 1947
17 35 5735
9 35 3319
4 36 629
10 36 863
28 36 9817
8 36 333
28 37 8698
4 37 8263
11 37 4222
33 37 7593
1 38 8100
0 38 323
4 38 1118
6 38 7648
14 39 1284
5 39 4909
35 39 9492
3 39 1923
4 40 2228
3 40 7442
8 40 4992
33 40 6614
4 41 9373
7 41 6562
29 41 3726
10 41 2929
30 42 1901
4 42 4597
21 42 2726
40 42 8028
20 43 1737
1 43 3431
4 43 5141
0 43 3853
17 44 7378
26 44 9100
19 44 2543
1 44 3850
4 45 3926
19 45 8138
14 45 2881
5 45 28
3 46 7959
41 46 9770
6 46 368
2 46 6153
42 47 1129
21 47 7972
25 47 139
32 47 6906
6 48 2382
4 48 8011
0 48 605
16 48 2808
0 49 6354
31 49 4289
28 49 8936
17 49 497
27 50 5983
41 50 5395
0 50 5876
11 50 8093
15 51 9995
3 51 5920
14 51 9941
4 51 3721
3 52 9546
31 52 5725
2 52 7021
6 52 92
2 53 3222
1 53 2815
7 53 2833
14 53 1218
11 54 599
9 54 2636
0 54 1443
25 54 6932
33 55 1111
25 55 1955
15 55 9696
6 55 671
47 56 5114
53 56 1169
3 56 9576
0 56 9122
46 57 1265
9 57 7942
52 57 1531
19 57 5558
53 58 8622
20 58 7834
2 58 5825
40 58 8427
35 59 8843
19 59 2480
3 59 4316
42 59 1892
35 60 4722
45 60 9554
34 60 2447
2 60 6692
8 61 2881
0 61 9729
1 61 4759
2 61 6574
57 62 7620
19 62 4499
31 62 2888
20 62 9981
14 63 2781
40 63 1656
46 63 5981
30 63 1498
0 64 9724
58 64 3533
29 64 9200
61 64 1313
11 65 7516
2 65 1580
3 65 6232
40 65 8434
56 66 5731
49 66 6119
14 66 7129
2 66 6648
36 67 5461
19 67 7054
6 67 8267
8 67 1620
28 68 5327
4 68 6422
38 68 2029
26 68 8570
0 69 1824
29 69 5757
5 69 6694
10 69 1217
7 70 4654
14 70 3971
61 70 8164
48 70 9185
38 71 8121
12 71 8036
57 71 1829
0 71 422
8 72 5391
2 72 8670
40 72 3886
4 72 883
26 73 6794
6 73 4516
12 73 170
36 73 959
6 74 8658
69 74 7688
1 74 9904
14 74 7479
54 75 6089
2 75 8368
8 75 3887
64 75 503
8 76 9056
16 76 6135
14 76 6981
5 76 8896
4 77 1385
14 77 854
72 77 8095
5 77 9439
45 78 1679
15 78 6640
24 78 9308
65 78 3014
14 79 9584
2 79 6144
41 79 9643
19 79 4651
52 80 935
1 80 9536
3 80 1169
0 80 7828
22 81 1493
2 81 3863
4 81 5089
47 81 5115
9 82 8450
29 82 6877
24 82 8630
1 82 2338
8 83 9772
43 83 2245
15 83 8970
61 83 4817
16 84 7923
77 84 4677
3 84 972
42 84 9180
81 85 6586
23 85 3744
11 85 4819
6 85 438
1 86 1376
53 86 9845
14 86 2646
76 86 991
83 87 8274
29 87 9557
36 87 1885
12 87 7403
41 88 2750
9 88 291
2 88 3284
72 88 2093
10 89 387
4 89 1054
3 89 2991
35 89 2359
80 90 5611
14 90 5113
47 90 4055
2 90 5268
69 91 5878
13 91 1394
54 91 248
11 91 7955
72 92 7202
15 92 2578
9 92 246
66 92 9867
44 93 4459
3 93 1526
2 93 5112
18 93 4663
89 94 1086
8 94 5899
48 94 3013
80 94 3939
13 95 372
80 95 815
10 95 8810
4 95 2448
19 96 224
54 96 4314
4 96 1634
7 96 1453
63 97 8781
84 97 8060
94 97 8778
39 97 9033
38 98 2307
94 98 7764
1 98 1495
26 98 2196
3 99 8504
17 99 7812
16 99 6067
10 99 9884
