60 1305
0 1 9103
0 2 3360
1 2 9376
0 3 4822
1 3 9464
2 3 2255
0 4 7918
1 4 4919
2 4 5309
3 4 2131
0 5 467
1 5 709
2 5 4203
3 5 8404
4 5 4478
0 6 9419
1 6 6031
2 6 3093
3 6 5048
4 6 5777
5 6 6686
0 7 8417
1 7 583
2 7 651
3 7 5301
4 7 3317
5 7 77
6 7 6713
0 8 1555
1 8 8899
2 8 8257
3 8 3597
4 8 2747
5 8 3324
6 8 6690
7 8 4946
0 9 6719
1 9 3916
2 9 2718
3 9 5824
4 9 363
5 9 5325
6 9 1906
7 9 3330
8 9 5197
0 10 544
1 10 1976
2 10 2171
3 10 9125
4 10 6090
5 10 7279
6 10 383
7 10 3141
8 10 2157
9 10 6571
0 11 1907
1 11 663
2 11 2264
3 11 7572
4 11 2475
5 11 7595
6 11 1879
7 11 9511
8 11 2860
9 11 6689
10 11 9703
0 12 4341
1 12 3622
2 12 6930
3 12 402
4 12 4761
5 12 4917
6 12 5711
7 12 4922
8 12 4380
9 12 5354
10 12 9192
11 12 5462
0 13 5584
1 13 7367
2 13 7479
3 13 8946
4 13 3100
5 13 7
6 13 5173
7 13 5098
8 13 2143
9 13 2345
10 13 9554
11 13 9235
12 13 2085
0 14 1105
1 14 7753
2 14 520
3 14 1261
4 14 3142
5 14 1589
6 14 1018
7 14 2257
8 14 492
9 14 1745
10 14 7360
11 14 9636
12 14 6647
13 14 1087
0 15 4642
1 15 3145
2 15 5392
3 15 3508
4 15 36
5 15 8670
6 15 4897
7 15 6410
8 15 7297
9 15 6555
10 15 8571
11 15 1922
12 15 9964
13 15 6344
14 15 6038
0 16 8020
1 16 6313
2 16 1367
3 16 4097
4 16 3286
5 16 9468
6 16 6787
7 16 5738
8 16 8842
9 16 4103
10 16 6057
11 16 9509
12 16 4985
13 16 9572
14 16 4402
15 16 6601
0 17 5291
1 17 6526
2 17 1843
3 17 3290
4 17 1052
5 17 1431
6 17 2417
7 17 6411
8 17 7260
9 17 5133
10 17 6019
11 17 7931
12 17 5564
13 17 5418
14 17 5112
15 17 504
16 17 1305
0 18 9513
1 18 6624
2 18 8879
3 18 8872
4 18 4145
5 18 8935
6 18 7849
7 18 2120
8 18 5811
9 18 5073
10 18 9884
11 18 8889
12 18 9574
13 18 5678
14 18 867
15 18 8057
16 18 3438
17 18 6876
0 19 5877
1 19 9648
2 19 1570
3 19 3663
4 19 7904
5 19 700
6 19 969
7 19 5225
8 19 2198
9 19 3735
10 19 4227
11 19 6867
12 19 1711
13 19 1005
14 19 3219
15 19 8523
16 19 9673
17 19 7800
18 19 9163
0 20 1401
1 20 1028
2 20 2551
3 20 7670
4 20 301
5 20 7956
6 20 8550
7 20 7111
8 20 3789
9 20 8098
10 20 3658
11 20 1767
12 20 3588
13 20 3961
14 20 1236
15 20 7229
16 20 5334
17 20 6720
18 20 1364
19 20 6124
0 21 5397
1 21 7484
2 21 8885
3 21 2346
4 21 5373
5 21 566
6 21 831
7 21 404
8 21 1673
9 21 4336
10 21 3303
11 21 932
12 21 6035
13 21 1714
14 21 5308
15 21 995
16 21 4864
17 21 6307
18 21 541
19 21 33
20 21 489
0 22 1204
1 22 6915
2 22 3820
3 22 4024
4 22 7268
5 22 9813
6 22 5750
7 22 3908
8 22 3745
9 22 3139
10 22 6022
11 22 1257
12 22 1913
13 22 8487
14 22 5115
15 22 977
16 22 9923
17 22 8904
18 22 1851
19 22 6914
20 22 2661
21 22 6158
0 23 1512
1 23 7389
2 23 88
3 23 377
4 23 3777
5 23 8091
6 23 7098
7 23 3692
8 23 451
9 23 6234
10 23 3870
11 23 8903
12 23 5509
13 23 8367
14 23 1013
15 23 440
16 23 3884
17 23 3799
18 23 6379
19 23 9745
20 23 5821
21 23 388
22 23 8560
0 24 6271
1 24 9229
2 24 7261
3 24 8835
4 24 4783
5 24 307
6 24 6376
7 24 1418
8 24 1378
9 24 4892
10 24 7594
11 24 7653
12 24 1867
13 24 8272
14 24 2989
15 24 330
16 24 7888
17 24 8973
18 24 8284
19 24 1179
20 24 7993
21 24 3331
22 24 994
23 24 6772
0 25 2500
1 25 8199
2 25 9963
3 25 2788
4 25 984
5 25 7446
6 25 9083
7 25 1476
8 25 2771
9 25 9826
10 25 1924
11 25 7095
12 25 4552
13 25 4422
14 25 9613
15 25 2828
16 25 3928
17 25 6695
18 25 1887
19 25 5735
20 25 2499
21 25 8159
22 25 3882
23 25 2284
24 25 1151
0 26 8463
1 26 2438
2 26 4248
3 26 2676
4 26 1866
5 26 6507
6 26 5083
7 26 3679
8 26 8523
9 26 8940
10 26 530
11 26 729
12 26 2711
13 26 5566
14 26 4469
15 26 2811
16 26 3004
17 26 1394
18 26 1117
19 26 3295
20 26 6113
21 26 1951
22 26 431
23 26 631
24 26 9424
25 26 73
0 27 8317
1 27 7353
2 27 4394
3 27 8719
4 27 2079
5 27 2567
6 27 9779
7 27 5465
8 27 3014
9 27 8957
10 27 5691
11 27 772
12 27 2098
13 27 346
14 27 6396
15 27 9760
16 27 6944
17 27 9865
18 27 5739
19 27 577
20 27 9188
21 27 6935
22 27 9451
23 27 5746
24 27 5514
25 27 8860
26 27 4713
0 28 8071
1 28 5462
2 28 1723
3 28 4664
4 28 41
5 28 7482
6 28 404
7 28 6190
8 28 3909
9 28 3658
10 28 2983
11 28 6119
12 28 5688
13 28 4481
14 28 9752
15 28 63
16 28 190
17 28 6766
18 28 5795
19 28 8184
20 28 6745
21 28 2846
22 28 3863
23 28 7075
24 28 3102
25 28 2747
26 28 3310
27 28 2726
0 29 6109
1 29 8725
2 29 6497
3 29 1292
4 29 7689
5 29 9627
6 29 4845
7 29 305
8 29 9733
9 29 7284
10 29 3704
11 29 4482
12 29 9035
13 29 1487
14 29 19
15 29 2813
16 29 2938
17 29 4250
18 29 2817
19 29 2051
20 29 8072
21 29 8355
22 29 2105
23 29 6373
24 29 6350
25 29 3233
26 29 9397
27 29 3268
28 29 4806
18 30 9362
16 30 6106
10 30 448
6 30 8683
29 30 9158
27 30 9062
5 30 4514
22 30 2154
15 30 7786
8 30 4465
11 30 3320
26 30 96
1 30 7592
9 30 8285
7 30 7141
20 30 616
28 30 5242
3 30 6973
13 30 5938
23 30 7315
4 30 4598
17 30 1981
14 30 3194
21 30 488
25 30 3079
24 30 1502
0 30 4761
2 30 5643
12 30 4726
11 31 8791
2 31 6332
1 31 1038
18 31 1101
28 31 8821
23 31 3478
13 31 7030
0 31 3894
14 31 2925
26 31 6685
5 31 112
20 31 470
6 31 6727
17 31 3397
19 31 40
22 31 3765
30 31 3895
10 31 4424
24 31 4048
29 31 1625
15 31 9426
27 31 4241
21 31 1050
7 31 6918
9 31 1710
4 31 4258
3 31 4720
12 31 8149
8 31 2895
3 32 4600
9 32 6568
21 32 6687
5 32 8750
0 32 8480
25 32 5193
27 32 3989
20 32 991
30 32 8701
7 32 9523
29 32 9184
22 32 5457
19 32 8179
6 32 111
11 32 9811
14 32 9873
13 32 5536
16 32 232
2 32 5368
26 32 1792
8 32 2829
12 32 8128
15 32 2222
23 32 5876
24 32 6570
31 32 4950
28 32 7737
18 32 208
10 32 5721
6 33 5043
5 33 3666
26 33 6332
19 33 8853
9 33 5715
3 33 7535
13 33 663
2 33 2139
24 33 9221
28 33 2883
17 33 2249
31 33 976
20 33 9137
21 33 4185
25 33 9800
10 33 6829
18 33 1668
23 33 1378
8 33 7770
16 33 2849
22 33 3851
32 33 2130
15 33 784
7 33 1396
11 33 7455
14 33 3069
27 33 460
4 33 2496
12 33 8384
10 34 7167
25 34 5916
15 34 6717
9 34 66
12 34 7690
1 34 7736
27 34 5566
26 34 816
31 34 9377
16 34 3495
19 34 1341
0 34 8948
28 34 3660
3 34 4230
22 34 486
14 34 947
13 34 9057
29 34 9200
23 34 7512
6 34 7360
8 34 3197
11 34 319
4 34 1317
33 34 4736
30 34 5283
32 34 9036
7 34 6454
24 34 3972
18 34 3444
6 35 353
16 35 350
27 35 5854
15 35 9208
23 35 1616
2 35 8924
3 35 1516
26 35 8114
34 35 9260
22 35 7596
32 35 916
24 35 8028
33 35 6892
9 35 2285
5 35 4526
18 35 1643
29 35 7537
17 35 8400
1 35 4500
19 35 4496
25 35 2478
31 35 9752
7 35 4817
14 35 6531
8 35 8399
28 35 6839
13 35 4687
30 35 4314
4 35 8679
10 36 5120
15 36 5860
27 36 1037
30 36 4316
14 36 2545
2 36 8571
9 36 9296
22 36 6044
25 36 8139
23 36 5116
12 36 1772
16 36 2130
20 36 5288
28 36 8440
4 36 5603
18 36 8754
11 36 97
13 36 1424
5 36 4084
33 36 6217
3 36 1880
24 36 3691
17 36 1828
35 36 6121
31 36 372
7 36 9182
26 36 2253
19 36 9778
8 36 8571
25 37 5602
11 37 7474
14 37 8683
3 37 9316
6 37 5227
23 37 3111
24 37 6825
19 37 2481
8 37 4523
10 37 3469
2 37 229
13 37 8852
31 37 8329
0 37 6723
1 37 6288
29 37 5995
21 37 865
18 37 6839
32 37 3207
35 37 7109
27 37 4401
30 37 1795
7 37 9387
26 37 7470
28 37 5959
33 37 9125
16 37 8574
5 37 3052
34 37 9909
12 38 5196
3 38 4592
29 38 9297
13 38 7987
4 38 3631
34 38 6756
5 38 9137
28 38 2637
2 38 6390
37 38 3152
14 38 2966
23 38 9664
31 38 4389
33 38 4082
25 38 220
26 38 2117
9 38 6990
18 38 3790
6 38 3254
11 38 6161
35 38 1871
7 38 970
19 38 2988
30 38 4665
27 38 7667
0 38 7761
22 38 8082
16 38 7372
8 38 2387
35 39 565
2 39 7468
36 39 9196
12 39 3039
26 39 6425
5 39 2439
18 39 7846
11 39 8922
27 39 7732
37 39 2190
24 39 3005
33 39 5361
1 39 7034
29 39 7263
6 39 8756
4 39 2385
16 39 1493
38 39 380
21 39 4330
19 39 6671
7 39 4545
13 39 8047
34 39 5575
23 39 4407
28 39 7499
25 39 4702
10 39 3432
17 39 759
14 39 8209
18 40 740
16 40 7989
20 40 7173
27 40 2791
31 40 1439
19 40 6917
9 40 2528
33 40 8243
0 40 8574
11 40 9256
12 40 4110
6 40 2823
10 40 355
23 40 955
24 40 2849
29 40 1294
32 40 632
38 40 290
4 40 8429
26 40 4794
3 40 9337
25 40 6491
22 40 8365
15 40 6414
34 40 8360
2 40 8918
13 40 1642
36 40 6470
39 40 2642
32 41 7730
28 41 6957
36 41 7708
34 41 611
26 41 2014
15 41 7530
24 41 8137
29 41 3609
37 41 7513
5 41 6295
7 41 2418
1 41 2184
8 41 1605
31 41 7226
30 41 9220
9 41 1659
39 41 5297
13 41 3025
38 41 5915
22 41 1850
4 41 3681
27 41 930
33 41 1831
18 41 5547
6 41 2986
10 41 6408
12 41 8797
35 41 2670
3 41 7827
36 42 6885
41 42 2936
24 42 4263
2 42 9107
33 42 5805
31 42 8400
7 42 9567
6 42 8041
14 42 9779
30 42 1124
10 42 702
25 42 9520
26 42 68
21 42 3676
16 42 6553
11 42 252
34 42 8662
9 42 8202
20 42 380
32 42 2742
5 42 8682
3 42 6580
12 42 8503
35 42 9730
29 42 1444
27 42 3180
22 42 7629
23 42 3119
8 42 734
23 43 7283
21 43 1817
18 43 2776
24 43 7439
41 43 617
37 43 5689
13 43 3669
15 43 4322
16 43 9628
3 43 5988
27 43 7593
32 43 5360
6 43 6913
36 43 1330
31 43 4401
22 43 6905
25 43 338
35 43 9463
17 43 3556
28 43 5605
8 43 83
1 43 2843
4 43 6976
10 43 2270
38 43 3159
20 43 5926
12 43 5618
34 43 6667
2 43 2593
8 44 5417
14 44 5852
4 44 1461
30 44 3308
16 44 4691
1 44 3298
31 44 4712
36 44 9116
25 44 1883
0 44 331
11 44 1284
17 44 4744
39 44 4718
32 44 2195
24 44 6357
23 44 9330
28 44 2337
21 44 9533
7 44 9024
13 44 7411
3 44 7881
40 44 3544
12 44 3946
33 44 4604
37 44 3562
5 44 7221
43 44 3695
29 44 3980
20 44 9
29 45 7627
12 45 839
25 45 8868
37 45 6779
26 45 6979
38 45 3604
11 45 4804
41 45 2978
21 45 8952
7 45 5440
10 45 8215
13 45 8930
43 45 8042
20 45 7257
18 45 6613
17 45 7800
0 45 5909
3 45 9292
30 45 9202
31 45 6060
42 45 7978
8 45 126
4 45 5360
16 45 795
28 45 1111
1 45 2265
14 45 2769
39 45 9277
2 45 9157
27 46 4939
28 46 1127
29 46 2127
39 46 558
0 46 6369
24 46 2398
34 46 4355
42 46 7729
13 46 1282
41 46 1393
10 46 8854
25 46 1809
16 46 1349
45 46 4859
40 46 514
15 46 615
32 46 1278
3 46 1647
31 46 3324
23 46 8328
11 46 1909
1 46 1600
7 46 2719
36 46 3259
4 46 9216
21 46 5277
20 46 7572
33 46 1677
35 46 5900
29 47 72
3 47 3622
17 47 3328
28 47 8237
24 47 7598
21 47 7749
27 47 4632
34 47 4363
38 47 8974
31 47 6555
14 47 9974
23 47 4682
42 47 5223
2 47 7255
39 47 3147
16 47 1111
10 47 3022
12 47 6675
11 47 1228
6 47 8015
45 47 2472
1 47 5183
26 47 179
41 47 7381
32 47 989
35 47 7770
9 47 7939
37 47 2787
22 47 631
10 48 1197
11 48 6745
46 48 8086
23 48 9196
18 48 1588
29 48 2086
27 48 599
5 48 7343
34 48 3092
0 48 8231
6 48 7170
26 48 5137
44 48 4638
35 48 5043
16 48 8400
12 48 7944
25 48 7206
39 48 176
30 48 8693
20 48 6425
24 48 3845
9 48 9994
38 48 5103
13 48 6504
47 48 6925
4 48 9184
45 48 7266
7 48 5776
19 48 3574
2 49 3237
42 49 9376
5 49 1595
43 49 5006
30 49 7477
9 49 4697
15 49 7192
3 49 3775
40 49 5053
6 49 301
23 49 2000
27 49 7123
18 49 1467
37 49 7462
13 49 9421
33 49 1744
32 49 7840
19 49 1477
14 49 598
20 49 555
12 49 6529
28 49 113
1 49 134
17 49 6781
0 49 3273
36 49 6321
45 49 6372
47 49 4876
21 49 335
7 50 3679
39 50 2187
5 50 6068
24 50 7082
11 50 3786
17 50 5864
49 50 2944
48 50 4654
28 50 8290
38 50 4067
20 50 4654
33 50 5205
27 50 9147
26 50 3093
35 50 3071
6 50 5211
47 50 3820
18 50 3316
36 50 7605
2 50 6286
1 50 2452
3 50 4298
14 50 6751
8 50 1223
40 50 3489
34 50 730
44 50 3707
15 50 9964
43 50 3768
39 51 1380
13 51 7328
2 51 1409
32 51 8209
8 51 1822
28 51 3331
4 51 2366
41 51 1054
7 51 1987
35 51 2757
38 51 530
16 51 6570
23 51 3596
10 51 7717
30 51 9527
17 51 9563
0 51 690
19 51 871
9 51 8609
33 51 1845
26 51 4588
45 51 3497
15 51 2981
3 51 9042
20 51 5004
29 51 8481
12 51 3008
24 51 9571
6 51 3274
8 52 268
42 52 5867
26 52 3512
6 52 1240
31 52 4749
28 52 7219
1 52 6129
9 52 7756
14 52 486
38 52 9702
40 52 8540
24 52 3956
13 52 61
51 52 4248
35 52 6904
3 52 588
39 52 7419
20 52 9403
41 52 918
11 52 7742
46 52 2806
2 52 1846
0 52 8254
5 52 6748
30 52 8795
47 52 4978
10 52 82
18 52 8821
33 52 5394
3 53 2988
44 53 2662
0 53 4000
40 53 9094
21 53 4747
25 53 6421
11 53 1892
1 53 4454
15 53 3691
24 53 7765
7 53 5360
46 53 4992
47 53 8126
43 53 3927
28 53 5961
8 53 3808
10 53 4662
50 53 1223
5 53 8319
19 53 9084
37 53 3191
52 53 6854
16 53 1752
36 53 4360
4 53 8505
32 53 935
6 53 5851
9 53 1888
48 53 9354
0 54 4572
18 54 3808
6 54 7642
42 54 8621
47 54 6676
32 54 7828
1 54 2912
22 54 6211
41 54 1747
7 54 3800
5 54 5969
51 54 1273
15 54 927
21 54 1793
16 54 8061
23 54 4181
25 54 20
8 54 5762
43 54 3601
34 54 6342
28 54 1779
49 54 2392
14 54 1748
26 54 2685
40 54 7924
30 54 6833
9 54 6439
53 54 2363
45 54 280
41 55 2492
45 55 4028
17 55 3071
31 55 7003
27 55 815
47 55 4049
21 55 5515
54 55 3159
18 55 9292
37 55 2283
38 55 4130
32 55 8899
4 55 5236
40 55 5538
15 55 8733
29 55 2948
9 55 7205
11 55 7744
10 55 4519
1 55 765
24 55 6141
22 55 7659
13 55 8599
19 55 5896
2 55 6227
3 55 8646
7 55 9281
34 55 852
46 55 3686
51 56 6735
34 56 9076
33 56 5315
4 56 6554
42 56 1126
25 56 5084
26 56 6112
37 56 9820
22 56 4946
49 56 3873
6 56 9315
47 56 1959
40 56 2087
36 56 5315
16 56 1913
31 56 3943
11 56 2888
23 56 4307
21 56 5181
46 56 1399
19 56 4689
2 56 292
54 56 1722
35 56 6646
41 56 8809
24 56 4832
8 56 4252
44 56 9893
27 56 949
50 57 7005
26 57 590
9 57 6307
13 57 7043
23 57 7074
25 57 3342
19 57 7518
38 57 8709
5 57 6278
52 57 311
17 57 7901
47 57 5355
20 57 7375
28 57 2788
1 57 2209
46 57 8377
51 57 1189
45 57 3401
12 57 1881
6 57 5717
29 57 4297
37 57 5261
27 57 7890
4 57 1845
40 57 2403
56 57 5244
42 57 6228
10 57 275
24 57 6493
30 58 9082
20 58 3236
13 58 1886
5 58 7740
3 58 816
27 58 1037
26 58 4432
0 58 3906
15 58 9524
44 58 5876
23 58 2104
9 58 4165
49 58 9954
31 58 6855
40 58 3293
6 58 1626
38 58 3584
32 58 1173
43 58 8180
55 58 1782
11 58 2800
16 58 669
7 58 2185
36 58 5311
8 58 1505
29 58 9052
25 58 4943
28 58 2883
46 58 1087
26 59 2714
50 59 1014
54 59 8933
2 59 7707
56 59 9659
37 59 6242
19 59 6782
57 59 7283
29 59 2102
33 59 4027
38 59 3297
17 59 5121
13 59 1052
27 59 7018
9 59 9980
4 59 2734
32 59 9727
14 59 2772
51 59 6376
28 59 614
47 59 8294
12 59 8242
7 59 3587
58 59 3809
10 59 7254
22 59 9762
0 59 9423
11 59 4592
49 59 388
