200 1372
0 1 60
0 2 186
1 2 818
0 3 856
1 3 458
2 3 520
0 4 58
1 4 567
2 4 63
3 4 351
0 5 877
1 5 25
2 5 69
3 5 89
4 5 426
0 6 304
1 6 244
2 6 170
3 6 460
4 6 108
5 6 72
0 7 811
1 7 863
2 7 640
3 7 874
4 7 115
5 7 774
6 7 135
2 8 513
6 8 767
3 8 879
1 8 186
7 8 487
5 8 716
0 8 878
7 9 120
3 9 75
6 9 21
0 9 338
8 9 688
2 9 483
5 9 199
8 10 627
0 10 394
6 10 961
9 10 170
3 10 151
4 10 818
1 10 578
9 11 686
6 11 721
10 11 30
8 11 114
1 11 822
7 11 218
3 11 324
8 12 799
7 12 418
5 12 525
11 12 110
2 12 917
10 12 230
1 12 813
11 13 626
6 13 280
3 13 174
12 13 453
8 13 936
7 13 718
1 13 915
1 14 482
11 14 493
7 14 217
3 14 952
12 14 834
0 14 310
5 14 230
11 15 996
14 15 435
4 15 530
1 15 448
2 15 581
0 15 526
9 15 92
1 16 339
10 16 202
7 16 504
12 16 906
6 16 356
0 16 7
3 16 155
11 17 507
12 17 281
1 17 820
15 17 47
10 17 446
6 17 255
8 17 311
3 18 189
7 18 158
1 18 898
0 18 919
12 18 517
2 18 252
15 18 457
1 19 953
8 19 644
14 19 861
12 19 496
2 19 176
6 19 1
3 19 333
10 20 90
7 20 272
0 20 374
14 20 188
1 20 403
19 20 690
3 20 203
15 21 234
1 21 232
19 21 109
9 21 1
5 21 402
14 21 658
3 21 84
4 22 873
17 22 762
9 22 73
11 22 566
6 22 329
8 22 573
14 22 341
3 23 28
10 23 455
14 23 857
18 23 572
9 23 47
5 23 675
1 23 918
17 24 69
8 24 791
20 24 309
2 24 410
4 24 488
11 24 480
7 24 157
17 25 446
21 25 155
1 25 93
11 25 452
13 25 487
12 25 80
4 25 760
9 26 847
20 26 744
24 26 260
8 26 445
21 26 306
10 26 566
22 26 84
1 27 389
10 27 86
18 27 944
20 27 736
3 27 175
2 27 780
5 27 862
6 28 830
7 28 741
0 28 602
23 28 3
5 28 707
1 28 216
26 28 290
22 29 536
1 29 359
10 29 400
24 29 447
19 29 260
2 29 145
8 29 641
4 30 504
12 30 650
25 30 736
6 30 649
5 30 186
3 30 53
28 30 499
22 31 754
7 31 264
4 31 586
1 31 206
2 31 936
6 31 552
3 31 407
7 32 508
11 32 36
19 32 282
8 32 666
28 32 720
1 32 984
10 32 953
1 33 736
12 33 217
6 33 918
17 33 832
22 33 708
7 33 100
10 33 358
0 34 204
9 34 824
6 34 231
28 34 416
2 34 421
16 34 998
22 34 373
18 35 692
11 35 890
9 35 628
10 35 812
2 35 548
21 35 957
7 35 948
4 36 270
9 36 675
0 36 574
3 36 224
22 36 92
13 36 736
1 36 869
3 37 249
28 37 948
5 37 476
13 37 525
17 37 196
11 37 208
12 37 370
12 38 61
7 38 118
1 38 563
30 38 27
32 38 282
15 38 240
17 38 752
1 39 464
8 39 679
34 39 211
17 39 415
25 39 682
11 39 25
14 39 47
28 40 112
5 40 756
24 40 213
2 40 959
32 40 469
14 40 642
12 40 781
20 41 307
0 41 15
1 41 669
39 41 197
11 41 429
27 41 684
2 41 404
24 42 323
7 42 600
29 42 910
22 42 185
13 42 708
41 42 202
11 42 7
2 43 683
9 43 8
14 43 726
7 43 771
26 43 656
33 43 41
0 43 993
29 44 789
21 44 528
26 44 392
41 44 851
6 44 431
2 44 753
15 44 454
28 45 153
0 45 958
31 45 608
9 45 976
22 45 879
29 45 842
13 45 359
19 46 458
12 46 371
8 46 720
29 46 888
14 46 722
1 46 994
3 46 569
9 47 822
0 47 670
23 47 734
7 47 330
20 47 815
44 47 739
4 47 25
3 48 612
18 48 558
11 48 995
47 48 716
10 48 531
19 48 251
20 48 89
14 49 541
46 49 944
1 49 192
16 49 668
12 49 977
3 49 693
15 49 686
26 50 668
48 50 50
11 50 801
34 50 634
49 50 85
4 50 654
31 50 668
3 51 829
0 51 869
39 51 23
36 51 578
13 51 336
11 51 50
1 51 92
29 52 27
17 52 819
0 52 868
32 52 957
2 52 773
22 52 547
7 52 954
27 53 602
1 53 721
2 53 829
41 53 331
10 53 476
17 53 592
4 53 192
0 54 780
28 54 556
23 54 504
7 54 795
10 54 738
14 54 792
49 54 345
24 55 885
3 55 44
42 55 332
4 55 20
29 55 26
54 55 517
20 55 688
4 56 174
55 56 275
39 56 715
47 56 225
8 56 697
34 56 797
41 56 617
32 57 912
7 57 620
2 57 179
5 57 320
24 57 684
10 57 183
16 57 555
10 58 530
1 58 653
46 58 744
53 58 434
11 58 229
3 58 583
41 58 521
0 59 530
21 59 900
30 59 678
1 59 715
41 59 330
48 59 152
22 59 701
43 60 353
4 60 667
9 60 437
55 60 930
10 60 156
7 60 849
45 60 298
4 61 551
3 61 103
2 61 482
12 61 2
1 61 989
56 61 475
31 61 939
46 62 440
50 62 312
47 62 345
3 62 655
0 62 403
53 62 515
29 62 829
10 63 233
42 63 718
5 63 323
48 63 622
7 63 956
3 63 204
1 63 904
28 64 971
40 64 993
38 64 79
56 64 232
30 64 303
9 64 541
8 64 4
18 65 962
28 65 680
2 65 349
13 65 351
33 65 841
55 65 849
48 65 554
32 66 169
6 66 204
19 66 307
15 66 117
9 66 802
60 66 912
27 66 563
1 67 326
44 67 131
16 67 82
5 67 107
11 67 347
3 67 39
15 67 85
46 68 243
25 68 577
24 68 177
23 68 5
7 68 686
2 68 444
34 68 48
17 69 97
0 69 496
29 69 667
26 69 448
22 69 601
37 69 663
14 69 622
22 70 903
3 70 441
28 70 104
1 70 273
36 70 322
7 70 236
18 70 820
15 71 398
59 71 927
17 71 479
8 71 179
65 71 19
21 71 855
5 71 534
24 72 585
61 72 979
56 72 695
22 72 396
19 72 463
63 72 691
16 72 368
33 73 198
22 73 769
60 73 499
9 73 796
5 73 819
19 73 532
50 73 719
56 74 500
41 74 235
26 74 82
9 74 904
11 74 957
5 74 970
4 74 595
20 75 385
74 75 722
19 75 913
12 75 148
2 75 744
23 75 98
56 75 691
7 76 44
64 76 177
1 76 464
2 76 755
14 76 249
44 76 458
3 76 726
50 77 903
16 77 797
31 77 22
1 77 268
5 77 212
13 77 903
7 77 805
25 78 223
13 78 739
12 78 845
26 78 217
17 78 20
14 78 493
21 78 423
2 79 602
51 79 922
5 79 773
77 79 296
1 79 424
22 79 857
4 79 232
11 80 767
4 80 966
77 80 984
44 80 74
69 80 770
2 80 505
50 80 216
18 81 845
67 81 984
27 81 534
16 81 391
21 81 995
36 81 240
31 81 1000
0 82 315
6 82 79
34 82 201
4 82 462
77 82 100
11 82 841
2 82 816
58 83 301
37 83 999
78 83 719
54 83 763
35 83 599
19 83 231
23 83 61
44 84 758
7 84 358
24 84 985
61 84 790
51 84 569
18 84 292
81 84 76
21 85 428
80 85 989
13 85 41
28 85 814
67 85 37
3 85 917
59 85 801
1 86 656
10 86 137
19 86 550
14 86 530
4 86 999
81 86 974
24 86 660
7 87 173
5 87 947
67 87 417
3 87 830
57 87 261
50 87 666
56 87 773
76 88 125
32 88 322
31 88 180
44 88 579
43 88 835
59 88 787
3 88 861
1 89 16
10 89 446
23 89 684
57 89 916
30 89 732
78 89 91
59 89 392
39 90 543
5 90 368
8 90 428
48 90 567
46 90 164
2 90 499
3 90 538
66 91 904
55 91 541
19 91 469
1 91 275
6 91 998
13 91 224
85 91 717
51 92 791
11 92 854
16 92 336
41 92 610
28 92 376
44 92 39
20 92 658
64 93 559
81 93 78
76 93 498
44 93 725
29 93 126
24 93 835
1 93 782
69 94 932
83 94 969
2 94 21
77 94 502
16 94 212
17 94 511
20 94 999
18 95 98
6 95 537
1 95 848
82 95 317
93 95 40
2 95 786
76 95 730
2 96 228
41 96 140
25 96 348
23 96 404
38 96 247
4 96 54
8 96 393
41 97 462
8 97 389
11 97 826
9 97 639
66 97 484
13 97 199
79 97 650
36 98 592
10 98 804
23 98 635
57 98 288
29 98 945
39 98 440
38 98 139
94 99 860
19 99 35
2 99 565
70 99 443
12 99 807
17 99 965
23 99 190
4 100 567
91 100 983
34 100 553
26 100 715
31 100 170
65 100 838
1 100 622
41 101 88
5 101 246
22 101 524
2 101 820
4 101 392
10 101 122
83 101 273
4 102 371
7 102 514
26 102 507
58 102 802
5 102 299
50 102 570
14 102 161
66 103 311
91 103 608
2 103 374
84 103 99
7 103 144
50 103 662
80 103 207
1 104 742
102 104 672
5 104 573
19 104 991
79 104 775
27 104 20
24 104 475
29 105 483
5 105 399
6 105 425
23 105 207
7 105 782
39 105 940
94 105 813
97 106 749
44 106 927
32 106 805
101 106 186
62 106 593
96 106 286
17 106 426
104 107 795
11 107 664
19 107 655
30 107 201
6 107 928
25 107 55
7 107 702
23 108 575
58 108 720
9 108 409
24 108 669
63 108 696
56 108 452
11 108 253
7 109 993
33 109 387
39 109 644
62 109 328
64 109 798
0 109 348
54 109 470
5 110 119
11 110 433
0 110 322
97 110 394
30 110 285
41 110 644
14 110 80
12 111 204
14 111 997
9 111 592
26 111 854
37 111 515
22 111 864
28 111 130
27 112 761
24 112 31
75 112 994
11 112 942
68 112 764
4 112 872
2 112 491
1 113 995
109 113 810
13 113 643
41 113 300
44 113 835
107 113 51
101 113 451
84 114 858
19 114 297
8 114 478
56 114 930
3 114 975
89 114 607
6 114 826
6 115 110
14 115 422
19 115 93
17 115 567
56 115 581
3 115 132
67 115 150
7 116 105
9 116 547
49 116 182
10 116 717
56 116 198
41 116 922
85 116 738
15 117 894
4 117 704
74 117 119
1 117 351
14 117 589
28 117 171
11 117 428
65 118 964
2 118 461
58 118 469
16 118 918
5 118 889
10 118 355
27 118 336
2 119 657
6 119 823
114 119 735
27 119 16
24 119 652
32 119 571
28 119 232
16 120 236
9 120 13
30 120 417
71 120 330
59 120 784
102 120 119
4 120 295
25 121 204
2 121 53
3 121 314
83 121 154
119 121 637
27 121 590
53 121 585
4 122 252
1 122 496
70 122 577
17 122 817
7 122 600
65 122 973
29 122 957
30 123 447
4 123 953
105 123 999
15 123 675
49 123 238
39 123 684
117 123 925
7 124 332
26 124 31
66 124 375
62 124 981
57 124 199
19 124 929
4 124 940
3 125 341
56 125 746
59 125 418
0 125 377
21 125 558
19 125 172
5 125 145
1 126 863
68 126 602
102 126 780
23 126 932
83 126 104
100 126 932
77 126 986
30 127 892
53 127 903
27 127 2
106 127 215
74 127 301
35 127 171
1 127 252
0 128 130
123 128 838
19 128 631
43 128 554
6 128 423
11 128 980
80 128 640
22 129 3
34 129 945
31 129 955
10 129 939
4 129 828
44 129 581
47 129 946
129 130 190
3 130 299
91 130 160
2 130 244
29 130 479
5 130 3
27 130 15
12 131 34
23 131 691
35 131 979
0 131 633
2 131 294
74 131 785
81 131 844
33 132 746
128 132 182
130 132 757
11 132 854
98 132 337
115 132 303
105 132 147
74 133 828
110 133 174
82 133 390
36 133 548
14 133 481
21 133 643
64 133 142
132 134 340
3 134 947
76 134 217
63 134 591
2 134 684
121 134 175
1 134 46
100 135 765
59 135 713
18 135 273
1 135 578
11 135 476
2 135 701
7 135 239
2 136 855
131 136 487
30 136 744
17 136 829
16 136 188
25 136 604
71 136 379
59 137 39
105 137 61
7 137 5
13 137 87
130 137 362
78 137 405
136 137 902
55 138 864
75 138 345
1 138 533
33 138 90
21 138 891
128 138 302
42 138 743
21 139 641
76 139 3
22 139 711
74 139 992
8 139 652
71 139 762
19 139 953
133 140 152
67 140 358
54 140 529
21 140 892
7 140 715
44 140 344
1 140 724
102 141 171
20 141 388
88 141 185
89 141 711
132 141 868
4 141 346
44 141 910
132 142 789
47 142 71
54 142 432
64 142 119
15 142 782
48 142 79
17 142 811
46 143 772
24 143 78
105 143 976
48 143 793
62 143 546
142 143 465
16 143 574
1 144 889
133 144 405
39 144 778
142 144 510
30 144 106
0 144 689
9 144 360
26 145 608
19 145 901
23 145 953
65 145 746
22 145 575
15 145 451
37 145 738
102 146 644
136 146 645
20 146 864
5 146 318
34 146 445
1 146 660
17 146 737
10 147 688
77 147 16
142 147 366
3 147 400
7 147 897
144 147 54
101 147 259
2 148 718
5 148 66
14 148 167
142 148 703
11 148 28
45 148 622
55 148 970
56 149 298
13 149 825
54 149 397
17 149 956
8 149 305
22 149 49
91 149 852
142 150 455
55 150 52
144 150 565
60 150 217
6 150 667
14 150 89
27 150 51
64 151 410
2 151 951
6 151 237
145 151 1
21 151 820
34 151 50
66 151 288
50 152 151
61 152 982
113 152 622
6 152 208
11 152 880
5 152 649
14 152 935
139 153 387
5 153 281
43 153 601
34 153 613
124 153 56
87 153 800
23 153 149
21 154 671
43 154 690
64 154 664
0 154 395
2 154 849
47 154 295
12 154 993
143 155 191
67 155 641
7 155 404
112 155 2
56 155 565
77 155 811
153 155 161
79 156 23
51 156 646
68 156 571
74 156 804
37 156 709
99 156 595
47 156 472
105 157 840
20 157 366
40 157 82
117 157 137
125 157 331
127 157 405
135 157 818
15 158 846
135 158 604
52 158 774
50 158 923
70 158 523
19 158 861
123 158 596
26 159 306
48 159 8
19 159 888
13 159 241
104 159 733
130 159 969
97 159 300
118 160 295
24 160 78
11 160 27
7 160 802
5 160 676
59 160 445
146 160 19
14 161 376
130 161 947
99 161 609
2 161 197
45 161 81
147 161 891
108 161 53
44 162 921
7 162 755
105 162 944
28 162 193
46 162 676
14 162 840
95 162 36
76 163 440
32 163 251
123 163 273
11 163 631
10 163 516
9 163 617
1 163 320
10 164 426
1 164 496
60 164 864
8 164 368
9 164 563
154 164 345
22 164 527
105 165 813
14 165 832
16 165 47
59 165 114
82 165 475
56 165 417
64 165 40
19 166 983
131 166 68
27 166 680
88 166 642
142 166 906
53 166 925
52 166 409
82 167 98
1 167 779
2 167 780
22 167 136
18 167 661
161 167 764
37 167 679
7 168 422
126 168 32
2 168 999
155 168 991
16 168 575
113 168 581
115 168 391
93 169 234
3 169 847
43 169 793
154 169 440
68 169 218
106 169 80
1 169 215
53 170 603
0 170 122
150 170 398
24 170 256
103 170 593
20 170 640
77 170 680
2 171 954
17 171 157
101 171 529
9 171 462
10 171 191
37 171 161
109 171 637
97 172 45
26 172 957
3 172 777
115 172 115
1 172 596
117 172 685
27 172 951
29 173 202
9 173 157
59 173 140
132 173 479
50 173 921
18 173 696
6 173 686
144 174 214
15 174 616
2 174 782
127 174 424
9 174 212
11 174 913
36 174 577
8 175 97
54 175 554
76 175 851
36 175 892
19 175 300
50 175 628
53 175 177
43 176 364
11 176 812
4 176 857
95 176 292
1 176 553
129 176 702
25 176 31
103 177 225
1 177 662
176 177 331
108 177 707
26 177 402
9 177 906
15 177 874
91 178 441
99 178 788
150 178 69
14 178 622
49 178 391
28 178 501
37 178 584
5 179 258
55 179 118
22 179 537
16 179 70
57 179 385
175 179 678
133 179 232
17 180 1
5 180 101
146 180 79
12 180 966
60 180 472
61 180 35
2 180 899
14 181 976
17 181 151
56 181 800
16 181 205
15 181 984
3 181 765
46 181 986
2 182 115
12 182 861
74 182 944
125 182 138
14 182 738
141 182 522
11 182 35
102 183 303
8 183 738
46 183 691
27 183 585
162 183 760
31 183 30
61 183 21
168 184 830
49 184 26
109 184 448
22 184 916
19 184 703
5 184 193
56 184 461
149 185 445
163 185 364
155 185 336
6 185 197
16 185 111
131 185 770
9 185 619
69 186 741
93 186 507
1 186 373
15 186 935
28 186 487
107 186 700
3 186 585
3 187 182
115 187 580
78 187 250
2 187 747
76 187 931
148 187 810
4 187 776
14 188 684
44 188 367
121 188 443
20 188 521
11 188 689
23 188 350
174 188 85
36 189 683
1 189 538
140 189 263
21 189 872
77 189 447
8 189 981
34 189 611
2 190 478
1 190 499
142 190 348
58 190 615
67 190 440
90 190 721
9 190 668
91 191 931
69 191 484
78 191 633
4 191 22
31 191 342
186 191 43
22 191 211
50 192 23
89 192 526
101 192 553
147 192 821
53 192 662
11 192 671
3 192 134
1 193 146
19 193 420
11 193 675
114 193 827
102 193 986
96 193 297
47 193 320
122 194 30
161 194 760
0 194 62
157 194 928
32 194 396
33 194 253
5 194 953
126 195 479
137 195 400
114 195 292
6 195 255
11 195 279
21 195 424
135 195 662
8 196 721
2 196 543
23 196 711
7 196 691
96 196 74
41 196 135
29 196 284
96 197 219
7 197 620
2 197 858
99 197 480
136 197 673
142 197 172
54 197 490
171 198 828
23 198 624
9 198 414
48 198 881
11 198 378
22 198 329
127 198 935
77 199 728
13 199 467
176 199 304
43 199 742
128 199 162
21 199 406
2 199 582
