40 185
0 1 2388
0 2 155
1 2 3766
0 3 2607
1 3 1576
2 3 7410
0 4 7044
1 4 1574
2 4 7849
3 4 882
0 5 5402
1 5 2305
2 5 2158
3 5 7863
4 5 8388
4 6 4433
0 6 8261
1 6 234
3 6 9288
5 6 5025
2 7 8223
1 7 5301
5 7 4187
3 7 8752
0 7 9383
6 8 1636
0 8 4385
4 8 3138
1 8 9150
5 8 5626
4 9 195
0 9 3362
3 9 4745
7 9 5310
5 9 44
8 10 83
9 10 8506
1 10 2351
7 10 9286
6 10 3255
0 11 734
5 11 8731
8 11 1788
7 11 7598
4 11 595
11 12 552
4 12 6168
3 12 6268
0 12 361
1 12 3844
4 13 8975
6 13 9541
1 13 7121
11 13 4987
5 13 9135
3 14 4617
13 14 9241
5 14 2826
2 14 1718
11 14 3077
2 15 3896
1 15 631
9 15 2254
0 15 1563
5 15 787
11 16 4021
6 16 8047
12 16 7146
4 16 3351
8 16 5782
2 17 6827
12 17 8256
7 17 7483
5 17 1627
9 17 7352
15 18 1216
9 18 891
6 18 3312
17 18 4857
14 18 6488
3 19 7581
4 19 8218
5 19 6169
0 19 769
2 19 79
4 20 8471
2 20 9746
17 20 182
6 20 3340
9 20 180
5 21 9792
7 21 9220
13 21 8527
0 21 2286
6 21 5709
5 22 5126
6 22 6834
0 22 3773
15 22 8240
3 22 2262
16 23 3913
20 23 4816
2 23 5473
11 23 1520
6 23 9670
2 24 1585
23 24 7263
7 24 4156
1 24 9439
4 24 8009
1 25 2237
2 25 2550
9 25 4257
4 25 3868
24 25 4640
19 26 4824
11 26 9782
5 26 8362
2 26 8510
23 26 4667
9 27 723
15 27 5462
1 27 3526
11 27 502
10 27 9389
9 28 1552
19 28 442
8 28 3370
7 28 2073
4 28 7428
16 29 5721
21 29 1898
24 29 9637
5 29 7620
2 29 4858
7 30 4818
1 30 4063
24 30 6943
21 30 8063
5 30 9720
2 31 6668
23 31 102
20 31 6118
14 31 6161
11 31 6347
20 32 8486
0 32 2630
10 32 7409
14 32 8806
1 32 1577
7 33 9226
4 33 2638
25 33 5636
1 33 8494
21 33 1221
23 34 3463
15 34 2679
0 34 2114
7 34 8994
4 34 7507
11 35 1970
15 35 2383
33 35 7754
16 35 4528
23 35 776
27 36 6341
5 36 9398
1 36 9153
16 36 7936
9 36 3213
3 37 6943
16 37 1187
22 37 4918
24 37 4329
19 37 4742
33 38 6439
10 38 9048
3 38 5883
20 38 7143
6 38 5371
11 39 5252
19 39 3613
4 39 326
34 39 1851
0 39 9286
