200 6205
0 1 994
0 2 157
1 2 6911
0 3 8468
1 3 7718
2 3 9571
0 4 7965
1 4 255
2 4 6396
3 4 60
0 5 7429
1 5 5233
2 5 5430
3 5 472
4 5 1544
0 6 8565
1 6 185
2 6 4444
3 6 9300
4 6 6936
5 6 8507
0 7 177
1 7 8605
2 7 5810
3 7 7673
4 7 8758
5 7 4345
6 7 1921
0 8 8311
1 8 9667
2 8 3677
3 8 7155
4 8 4541
5 8 4216
6 8 1436
7 8 9594
0 9 5011
1 9 2055
2 9 2539
3 9 2088
4 9 7091
5 9 1333
6 9 6869
7 9 3156
8 9 9070
0 10 8505
1 10 618
2 10 4926
3 10 147
4 10 5496
5 10 6074
6 10 7597
7 10 6301
8 10 3665
9 10 1336
0 11 5323
1 11 7496
2 11 8055
3 11 4083
4 11 4368
5 11 2845
6 11 1290
7 11 4351
8 11 5698
9 11 9341
10 11 5038
0 12 5971
1 12 8479
2 12 9062
3 12 3578
4 12 8054
5 12 5282
6 12 3953
7 12 8276
8 12 3879
9 12 3646
10 12 2656
11 12 4024
0 13 9599
1 13 7641
2 13 2984
3 13 2276
4 13 4374
5 13 3200
6 13 1459
7 13 9484
8 13 5754
9 13 5461
10 13 945
11 13 6333
12 13 9167
0 14 9449
1 14 9865
2 14 5287
3 14 7680
4 14 5714
5 14 7533
6 14 4338
7 14 5670
8 14 8204
9 14 1468
10 14 1989
11 14 3224
12 14 5648
13 14 4438
0 15 175
1 15 5931
2 15 8630
3 15 906
4 15 9358
5 15 9370
6 15 431
7 15 9421
8 15 1223
9 15 7145
10 15 131
11 15 6832
12 15 4443
13 15 4427
14 15 5713
0 16 5224
1 16 5451
2 16 3084
3 16 1073
4 16 16
5 16 5271
6 16 8205
7 16 4714
8 16 5074
9 16 3190
10 16 2275
11 16 234
12 16 7604
13 16 582
14 16 3229
15 16 6257
0 17 2657
1 17 6884
2 17 1153
3 17 1923
4 17 8633
5 17 9830
6 17 8449
7 17 6928
8 17 800
9 17 7846
10 17 5704
11 17 8864
12 17 2402
13 17 1785
14 17 8501
15 17 9250
16 17 8376
0 18 2708
1 18 8023
2 18 9249
3 18 6521
4 18 7720
5 18 5745
6 18 8818
7 18 4142
8 18 8089
9 18 1009
10 18 5601
11 18 3829
12 18 9663
13 18 626
14 18 2522
15 18 6815
16 18 5767
17 18 7989
0 19 7944
1 19 1721
2 19 936
3 19 7063
4 19 1408
5 19 8156
6 19 4044
7 19 7168
8 19 416
9 19 9201
10 19 2083
11 19 184
12 19 4642
13 19 2080
14 19 8303
15 19 3266
16 19 7365
17 19 2559
18 19 7504
0 20 2337
1 20 4486
2 20 6953
3 20 3940
4 20 3876
5 20 9206
6 20 9427
7 20 3682
8 20 760
9 20 5138
10 20 7116
11 20 1286
12 20 1520
13 20 6400
14 20 5244
15 20 1591
16 20 5318
17 20 1748
18 20 9474
19 20 1934
0 21 2390
1 21 6740
2 21 4160
3 21 6707
4 21 8439
5 21 6339
6 21 148
7 21 5857
8 21 3719
9 21 3016
10 21 6536
11 21 8106
12 21 2390
13 21 4121
14 21 4658
15 21 1165
16 21 5126
17 21 1855
18 21 7603
19 21 562
20 21 9543
0 22 6058
1 22 7444
2 22 1265
3 22 1723
4 22 4297
5 22 3991
6 22 7432
7 22 8250
8 22 8536
9 22 1444
10 22 72
11 22 5396
12 22 345
13 22 7839
14 22 9499
15 22 8871
16 22 4472
17 22 7014
18 22 2519
19 22 2953
20 22 4094
21 22 9574
0 23 9666
1 23 5659
2 23 8092
3 23 3589
4 23 3734
5 23 4505
6 23 158
7 23 3439
8 23 7143
9 23 8633
10 23 1275
11 23 457
12 23 3729
13 23 7348
14 23 3993
15 23 264
16 23 7496
17 23 9330
18 23 9995
19 23 7159
20 23 3121
21 23 951
22 23 7813
0 24 8902
1 24 7836
2 24 4719
3 24 105
4 24 4071
5 24 1245
6 24 8387
7 24 7975
8 24 2239
9 24 9681
10 24 3686
11 24 8554
12 24 9098
13 24 9162
14 24 4942
15 24 1942
16 24 8677
17 24 2913
18 24 1564
19 24 2680
20 24 6494
21 24 8132
22 24 7462
23 24 7044
0 25 9889
1 25 1541
2 25 7320
3 25 9889
4 25 308
5 25 4256
6 25 7389
7 25 4577
8 25 6854
9 25 4082
10 25 3935
11 25 9049
12 25 4180
13 25 1346
14 25 8174
15 25 4852
16 25 9247
17 25 1496
18 25 4815
19 25 5974
20 25 27
21 25 2152
22 25 9679
23 25 2815
24 25 2416
0 26 2589
1 26 1969
2 26 4484
3 26 8821
4 26 6183
5 26 8778
6 26 6827
7 26 967
8 26 540
9 26 4384
10 26 5725
11 26 5053
12 26 6157
13 26 281
14 26 2149
15 26 9926
16 26 9392
17 26 5437
18 26 4672
19 26 6002
20 26 3318
21 26 1960
22 26 4405
23 26 4559
24 26 3264
25 26 9073
0 27 7356
1 27 3674
2 27 8648
3 27 3169
4 27 418
5 27 4739
6 27 8395
7 27 7273
8 27 5844
9 27 9167
10 27 8575
11 27 6603
12 27 8795
13 27 9712
14 27 1830
15 27 7965
16 27 2365
17 27 8883
18 27 3282
19 27 1308
20 27 3174
21 27 3450
22 27 5031
23 27 7872
24 27 2401
25 27 4264
26 27 9709
0 28 332
1 28 4989
2 28 9773
3 28 3909
4 28 9554
5 28 8172
6 28 720
7 28 1529
8 28 1326
9 28 7383
10 28 4540
11 28 234
12 28 2230
13 28 4913
14 28 4588
15 28 357
16 28 8701
17 28 4420
18 28 6450
19 28 1570
20 28 1183
21 28 1846
22 28 9168
23 28 1564
24 28 4709
25 28 8819
26 28 3735
27 28 1357
0 29 6889
1 29 7238
2 29 39
3 29 9515
4 29 1107
5 29 9131
6 29 7007
7 29 9676
8 29 6257
9 29 7370
10 29 5819
11 29 8935
12 29 7049
13 29 7227
14 29 1813
15 29 8880
16 29 4706
17 29 5764
18 29 648
19 29 9455
20 29 9281
21 29 9815
22 29 9046
23 29 9951
24 29 5264
25 29 5744
26 29 2418
27 29 2290
28 29 7247
0 30 7983
1 30 7247
2 30 3048
3 30 1666
4 30 4531
5 30 2096
6 30 1513
7 30 9723
8 30 6415
9 30 6525
10 30 3040
11 30 2805
12 30 9023
13 30 144
14 30 2164
15 30 9260
16 30 8427
17 30 7298
18 30 8414
19 30 8570
20 30 6546
21 30 282
22 30 7871
23 30 3976
24 30 3426
25 30 5258
26 30 5421
27 30 9717
28 30 3376
29 30 4630
0 31 9395
1 31 4903
2 31 6490
3 31 4060
4 31 522
5 31 5880
6 31 7514
7 31 7750
8 31 6280
9 31 8473
10 31 3305
11 31 3968
12 31 2817
13 31 2766
14 31 7157
15 31 5119
16 31 274
17 31 1306
18 31 9943
19 31 8110
20 31 3791
21 31 665
22 31 8437
23 31 8842
24 31 3097
25 31 8004
26 31 8856
27 31 3251
28 31 2890
29 31 6321
30 31 3171
0 32 6036
1 32 7726
2 32 6784
3 32 9007
4 32 9420
5 32 1150
6 32 634
7 32 8885
8 32 7881
9 32 6040
10 32 9085
11 32 720
12 32 8750
13 32 7780
14 32 3577
15 32 7348
16 32 9066
17 32 8242
18 32 4736
19 32 1430
20 32 4640
21 32 3641
22 32 5493
23 32 7196
24 32 2160
25 32 457
26 32 8811
27 32 7470
28 32 2646
29 32 575
30 32 5794
31 32 6578
0 33 906
1 33 5229
2 33 6873
3 33 9787
4 33 3039
5 33 3364
6 33 4010
7 33 6114
8 33 7904
9 33 456
10 33 2304
11 33 3357
12 33 309
13 33 9846
14 33 2109
15 33 9314
16 33 1413
17 33 5518
18 33 9270
19 33 3851
20 33 5742
21 33 262
22 33 6200
23 33 1298
24 33 3644
25 33 8692
26 33 8265
27 33 5349
28 33 8101
29 33 3322
30 33 9021
31 33 9957
32 33 2808
0 34 4024
1 34 7205
2 34 5745
3 34 7194
4 34 8427
5 34 6705
6 34 2372
7 34 6180
8 34 5525
9 34 3931
10 34 9582
11 34 5103
12 34 8233
13 34 6692
14 34 5112
15 34 7876
16 34 3668
17 34 5653
18 34 6762
19 34 8125
20 34 8979
21 34 2252
22 34 9635
23 34 3603
24 34 6188
25 34 2157
26 34 3684
27 34 8850
28 34 8034
29 34 6673
30 34 2674
31 34 1737
32 34 3851
33 34 5905
0 35 522
18 35 4147
21 35 5750
29 35 516
1 35 4527
27 35 1082
20 35 926
9 35 2278
24 35 4678
23 35 3023
8 35 2130
3 35 414
32 35 3354
11 35 9064
19 35 2581
30 35 259
26 35 9694
33 35 4467
2 35 9563
31 35 1610
15 35 7872
34 35 3024
13 35 4142
6 35 1526
4 35 7676
14 35 6288
5 35 1779
28 35 2735
22 35 5541
17 35 8479
16 35 5071
12 35 7720
10 35 1495
25 35 7744
3 36 8692
5 36 3188
25 36 6642
11 36 1652
12 36 5380
24 36 3665
20 36 384
29 36 3124
8 36 8881
26 36 2884
1 36 4049
28 36 8668
30 36 5282
32 36 1097
7 36 3943
22 36 6202
15 36 1794
23 36 828
9 36 6334
31 36 9637
33 36 5285
34 36 5572
14 36 6909
27 36 8896
18 36 656
10 36 5760
6 36 5244
19 36 2112
2 36 7560
17 36 527
21 36 9504
16 36 8180
13 36 8247
0 36 1776
5 37 1459
18 37 6702
28 37 7255
3 37 9620
24 37 8514
25 37 1901
10 37 9227
2 37 2696
12 37 9508
14 37 2723
20 37 6354
27 37 4550
33 37 4040
7 37 228
23 37 6969
16 37 7222
1 37 9793
34 37 3228
26 37 3116
4 37 8284
22 37 5551
30 37 1014
6 37 5110
32 37 2910
15 37 4982
8 37 5394
13 37 6045
31 37 1792
36 37 2309
29 37 1044
0 37 7713
35 37 6818
17 37 5231
21 37 621
28 38 731
6 38 5705
35 38 2659
32 38 4642
13 38 8055
12 38 3181
7 38 6524
1 38 8812
36 38 115
15 38 5995
16 38 8209
29 38 8821
8 38 9905
30 38 4572
17 38 2471
24 38 9507
27 38 7243
25 38 3672
11 38 9135
0 38 7400
18 38 2385
34 38 5902
2 38 9495
23 38 1450
31 38 1194
21 38 4250
5 38 8451
3 38 7768
14 38 7040
20 38 2519
9 38 9995
4 38 4999
19 38 7429
22 38 412
15 39 7815
0 39 3928
36 39 3566
38 39 4984
33 39 7369
2 39 1193
35 39 2286
29 39 2725
20 39 2206
11 39 2033
25 39 6808
18 39 8101
16 39 5996
7 39 6967
5 39 8935
26 39 4867
24 39 7716
13 39 7737
17 39 8106
34 39 9571
23 39 3959
32 39 3971
10 39 1669
3 39 9267
14 39 8898
1 39 279
27 39 7493
37 39 495
28 39 3035
8 39 4878
4 39 1892
9 39 4443
19 39 2461
12 39 2997
22 40 5486
26 40 4836
6 40 9743
31 40 7097
32 40 6096
35 40 3999
25 40 4064
30 40 381
24 40 5608
7 40 7237
1 40 9205
36 40 2098
0 40 3584
33 40 8130
9 40 4315
4 40 6816
15 40 9643
5 40 8158
17 40 1861
14 40 8746
3 40 8515
23 40 9778
12 40 9809
2 40 3763
37 40 7970
13 40 2588
18 40 9304
39 40 2550
27 40 4887
28 40 3183
8 40 6633
21 40 7591
10 40 9351
19 40 9235
3 41 8538
13 41 4099
17 41 3493
9 41 1850
29 41 7641
24 41 4141
14 41 9237
21 41 4911
39 41 3791
1 41 3139
36 41 7479
8 41 4177
32 41 7278
26 41 999
7 41 6827
35 41 8913
15 41 4922
2 41 4456
22 41 6165
20 41 9304
6 41 4834
18 41 7232
28 41 7111
31 41 1984
4 41 3116
27 41 6358
11 41 9078
37 41 9392
25 41 1738
30 41 5032
10 41 1196
34 41 1654
40 41 3257
23 41 5415
30 42 1547
17 42 3991
18 42 6567
31 42 6459
3 42 9002
10 42 8593
12 42 5718
0 42 1456
13 42 4535
15 42 4793
26 42 7851
34 42 5640
33 42 1694
1 42 1164
25 42 7199
5 42 710
24 42 3323
23 42 1122
28 42 3998
22 42 5022
35 42 1548
4 42 876
19 42 2942
41 42 4760
14 42 9601
6 42 7883
38 42 6647
7 42 3816
16 42 3769
2 42 2355
20 42 3175
39 42 2092
27 42 4262
21 42 1736
19 43 6452
27 43 3989
16 43 8708
24 43 3730
22 43 5552
21 43 9144
18 43 191
32 43 6187
41 43 2240
7 43 4231
2 43 3718
33 43 3176
11 43 8113
31 43 1159
6 43 1995
20 43 6374
35 43 983
12 43 6643
30 43 9713
3 43 7842
10 43 471
34 43 7071
42 43 8602
0 43 3275
38 43 4300
28 43 4701
17 43 2185
40 43 796
36 43 4903
23 43 3292
25 43 4858
9 43 4435
39 43 4980
14 43 450
3 44 2804
26 44 8047
22 44 5974
38 44 1382
18 44 7079
5 44 1172
31 44 3795
19 44 6753
39 44 8014
14 44 6131
13 44 2473
32 44 8748
7 44 8660
25 44 9753
16 44 5042
30 44 5554
21 44 1197
24 44 2911
37 44 5256
20 44 5507
2 44 837
29 44 4638
41 44 8224
11 44 3868
12 44 5270
33 44 9744
4 44 1160
23 44 3277
35 44 3969
9 44 4727
8 44 5103
34 44 446
43 44 1018
28 44 50
3 45 8676
29 45 4153
10 45 2282
32 45 7159
26 45 3676
9 45 1905
41 45 2098
2 45 7442
11 45 4754
14 45 1006
27 45 8142
44 45 4018
24 45 7084
7 45 2589
42 45 9773
13 45 3732
22 45 4583
4 45 4743
5 45 2677
8 45 1060
39 45 4826
23 45 9195
6 45 7922
12 45 9751
1 45 7741
21 45 2650
31 45 8932
18 45 1908
35 45 3933
28 45 2895
17 45 8963
40 45 3896
34 45 8253
38 45 1102
10 46 9013
43 46 4493
23 46 4064
1 46 3224
36 46 9857
32 46 766
40 46 7099
13 46 2916
28 46 8421
15 46 9907
42 46 1509
26 46 7957
11 46 6046
12 46 6474
45 46 6210
19 46 7148
34 46 2825
33 46 1034
21 46 4639
29 46 6212
41 46 8139
9 46 3673
4 46 5628
30 46 3944
38 46 6560
44 46 4382
16 46 8034
35 46 3137
25 46 9310
2 46 6242
8 46 7610
0 46 626
18 46 839
22 46 7788
32 47 4826
38 47 9394
18 47 8872
13 47 5394
28 47 6591
30 47 4270
46 47 7803
43 47 8711
12 47 7157
7 47 7825
29 47 1023
35 47 1591
17 47 584
3 47 9425
23 47 3501
8 47 145
2 47 5316
0 47 274
37 47 3377
24 47 762
14 47 1013
44 47 7192
21 47 8451
4 47 6386
39 47 5159
20 47 5965
36 47 7424
10 47 8200
40 47 6082
16 47 7600
5 47 8302
6 47 170
25 47 2041
15 47 8904
17 48 2310
12 48 2981
5 48 7263
4 48 1152
31 48 7980
19 48 5603
11 48 1201
36 48 7188
8 48 9953
9 48 8093
20 48 5099
37 48 2220
42 48 3093
14 48 4112
6 48 2457
24 48 1561
45 48 3949
16 48 8454
26 48 8452
2 48 2037
22 48 616
13 48 7640
29 48 7035
43 48 8750
3 48 4806
15 48 7738
25 48 7923
44 48 7609
34 48 8152
23 48 7971
21 48 7677
38 48 2482
1 48 7472
10 48 6223
21 49 4683
7 49 9578
28 49 2604
9 49 2844
5 49 258
3 49 6581
39 49 2810
18 49 3457
38 49 6338
11 49 4015
4 49 7989
46 49 9731
19 49 5196
10 49 4783
16 49 1533
29 49 5101
32 49 7799
1 49 6843
26 49 3958
20 49 8170
23 49 2235
30 49 3636
0 49 1299
33 49 251
24 49 8499
17 49 5223
27 49 2688
22 49 7149
25 49 2237
15 49 5991
13 49 3944
2 49 7282
44 49 3845
34 49 6517
8 50 6158
32 50 231
3 50 9954
22 50 1040
2 50 2630
16 50 1192
24 50 9352
35 50 9302
33 50 888
5 50 7733
4 50 3104
11 50 7437
6 50 5836
23 50 454
19 50 4340
43 50 5170
20 50 6443
26 50 5025
28 50 5040
25 50 9204
1 50 5536
37 50 9553
47 50 380
40 50 5996
48 50 6941
42 50 8752
30 50 7946
10 50 6305
0 50 7809
9 50 3938
45 50 6755
7 50 6188
18 50 3691
21 50 1143
5 51 3943
11 51 565
42 51 5429
9 51 6994
7 51 8934
40 51 5857
48 51 1501
44 51 6221
25 51 4817
14 51 2544
21 51 2916
18 51 2824
33 51 1217
26 51 9066
8 51 392
27 51 2063
23 51 2014
28 51 8987
1 51 2174
16 51 1407
12 51 901
41 51 1079
3 51 8775
22 51 2396
2 51 8757
19 51 940
49 51 9693
35 51 3820
47 51 1690
4 51 5656
34 51 4610
10 51 2260
32 51 9283
38 51 5905
16 52 1063
6 52 1866
25 52 2227
42 52 844
27 52 1547
23 52 7346
12 52 9455
5 52 9624
13 52 7899
49 52 67
26 52 7889
1 52 5225
20 52 3362
48 52 9940
0 52 7722
44 52 2988
50 52 4538
30 52 750
28 52 6745
37 52 4538
39 52 5976
24 52 3117
33 52 6680
31 52 5166
36 52 7986
15 52 7247
21 52 1328
9 52 1485
32 52 4171
34 52 3278
43 52 3067
7 52 8856
46 52 4341
14 52 9268
12 53 9091
1 53 4748
5 53 563
20 53 8211
36 53 4988
15 53 366
14 53 6972
35 53 651
50 53 8489
25 53 8155
52 53 8090
10 53 3060
39 53 1593
33 53 3344
45 53 8359
32 53 4287
22 53 9196
24 53 9076
40 53 6629
9 53 3821
16 53 8956
8 53 6318
23 53 4402
34 53 7968
44 53 4132
2 53 6700
29 53 7760
37 53 3180
43 53 2891
21 53 9734
42 53 8888
13 53 9693
17 53 5860
4 53 8876
44 54 5563
9 54 162
0 54 6777
35 54 9003
23 54 8588
31 54 2623
41 54 4007
37 54 7019
33 54 8536
15 54 8486
12 54 180
20 54 7053
1 54 9060
32 54 1857
18 54 5685
47 54 5301
36 54 7857
5 54 1742
3 54 4529
22 54 9426
46 54 3494
42 54 9724
4 54 7732
38 54 1644
16 54 407
7 54 9297
29 54 8345
25 54 3373
14 54 9513
11 54 7479
21 54 1494
52 54 5372
50 54 3868
6 54 2134
21 55 5258
28 55 5004
47 55 6933
53 55 1773
27 55 2260
23 55 4370
45 55 3732
16 55 7529
39 55 8674
12 55 8751
14 55 1171
0 55 7198
7 55 1321
29 55 5042
40 55 5830
4 55 242
51 55 229
26 55 9492
30 55 6569
25 55 5954
20 55 4899
33 55 4606
5 55 6201
10 55 3508
13 55 3194
15 55 9130
6 55 7459
52 55 9263
17 55 8195
49 55 533
2 55 7964
11 55 904
35 55 6129
36 55 3625
4 56 3634
42 56 9099
36 56 8664
13 56 5989
29 56 4548
43 56 1437
0 56 5921
3 56 8234
11 56 4151
23 56 5824
40 56 3076
12 56 7717
17 56 938
19 56 9290
33 56 7698
25 56 9794
7 56 9129
16 56 9529
28 56 8173
15 56 3824
35 56 7008
20 56 8708
26 56 5707
21 56 6850
9 56 540
31 56 9422
8 56 2444
32 56 1372
5 56 1174
39 56 7380
52 56 2775
18 56 4228
50 56 5381
44 56 1137
28 57 2954
43 57 7442
4 57 7136
30 57 8935
47 57 339
49 57 4980
24 57 5456
15 57 8909
6 57 6549
53 57 3647
5 57 1922
45 57 9108
9 57 2732
52 57 5526
22 57 2764
1 57 5953
32 57 7433
29 57 904
27 57 5338
10 57 5534
18 57 7394
46 57 3566
16 57 1917
50 57 3830
36 57 6387
42 57 1721
21 57 1922
0 57 9924
23 57 671
3 57 4408
20 57 6018
17 57 8467
39 57 4964
26 57 7000
47 58 1178
10 58 3322
5 58 1444
35 58 6044
54 58 449
23 58 4220
11 58 2962
32 58 4619
51 58 4662
2 58 1695
43 58 2129
14 58 4127
52 58 3167
20 58 6398
12 58 1080
40 58 738
38 58 6248
27 58 1963
46 58 3057
24 58 3963
7 58 9636
31 58 6595
56 58 7191
30 58 2107
48 58 3689
57 58 8310
34 58 422
21 58 3370
8 58 3008
15 58 1694
1 58 1810
50 58 5490
25 58 369
13 58 8403
8 59 5257
16 59 2873
6 59 7199
34 59 3025
4 59 2549
19 59 9575
15 59 5598
12 59 5897
47 59 1806
51 59 486
5 59 6902
58 59 758
57 59 7453
54 59 7845
36 59 3681
55 59 1898
24 59 1672
30 59 4127
18 59 7591
0 59 7548
42 59 5208
35 59 1092
25 59 9606
14 59 2156
28 59 2126
27 59 5798
20 59 2812
11 59 2587
32 59 2749
17 59 3013
3 59 7608
41 59 7732
21 59 8139
31 59 1696
7 60 2522
59 60 454
4 60 5826
26 60 3203
49 60 8140
14 60 7463
52 60 2356
36 60 7516
12 60 4892
5 60 5883
33 60 1693
31 60 1835
34 60 7435
19 60 4174
45 60 9195
29 60 4322
30 60 7171
46 60 1356
50 60 9963
28 60 9671
58 60 3310
23 60 5235
21 60 636
48 60 2709
32 60 9491
43 60 493
42 60 912
0 60 628
47 60 6160
15 60 7754
22 60 7056
17 60 395
2 60 3224
25 60 1597
48 61 1947
23 61 849
18 61 517
39 61 3061
31 61 5496
12 61 8968
51 61 8821
38 61 1033
45 61 1436
57 61 411
24 61 8407
6 61 8954
55 61 9072
28 61 9237
35 61 6144
8 61 3318
43 61 2811
15 61 8922
44 61 5893
13 61 8618
14 61 3652
36 61 3185
52 61 1177
59 61 1647
25 61 7773
32 61 1562
41 61 9701
2 61 9022
19 61 7319
0 61 2238
10 61 8281
1 61 1005
5 61 1813
42 61 3638
15 62 8761
24 62 3616
35 62 5062
45 62 4595
16 62 5280
7 62 1057
47 62 8506
50 62 5404
13 62 4580
11 62 2108
25 62 2802
34 62 8832
10 62 2604
36 62 3829
26 62 6550
4 62 3704
56 62 4767
28 62 5193
17 62 5741
32 62 2092
2 62 8245
41 62 5500
6 62 5955
46 62 2132
49 62 7079
18 62 6617
30 62 6649
22 62 3600
19 62 9666
57 62 8574
58 62 3431
27 62 3739
5 62 2597
54 62 6053
26 63 517
62 63 2181
36 63 1925
58 63 7699
23 63 9522
42 63 3174
24 63 6210
7 63 9631
3 63 5018
16 63 8578
51 63 8682
25 63 5923
38 63 2318
13 63 4501
11 63 478
50 63 8504
8 63 934
21 63 6626
41 63 4895
4 63 4901
6 63 5992
55 63 8926
14 63 2386
43 63 3357
59 63 8364
57 63 8679
32 63 221
17 63 8366
45 63 5845
5 63 5541
2 63 8940
15 63 681
10 63 5119
46 63 4522
16 64 803
27 64 7279
40 64 2179
12 64 4853
3 64 5756
10 64 6877
50 64 7225
21 64 5800
18 64 5909
11 64 7117
63 64 6418
6 64 7065
24 64 6840
5 64 6126
15 64 6769
17 64 1313
46 64 36
29 64 993
48 64 9346
2 64 438
34 64 931
55 64 9563
61 64 1731
19 64 1641
49 64 3832
42 64 4854
8 64 4462
53 64 9325
23 64 2985
28 64 7697
13 64 8630
62 64 2798
4 64 6094
36 64 8813
12 65 3716
15 65 1335
20 65 5700
36 65 879
14 65 9317
1 65 6803
31 65 3823
16 65 5351
41 65 1754
47 65 8995
30 65 1654
54 65 1799
34 65 2862
10 65 4560
5 65 9740
28 65 4506
44 65 9780
25 65 4711
18 65 6187
6 65 3042
32 65 2452
17 65 8675
9 65 6908
50 65 3614
21 65 6239
45 65 6481
46 65 6950
40 65 278
29 65 8214
3 65 6606
8 65 2172
39 65 6082
52 65 4703
27 65 2561
6 66 1617
18 66 3410
53 66 4129
49 66 8168
16 66 4434
33 66 3597
7 66 9673
44 66 8876
54 66 1529
25 66 3049
55 66 4770
45 66 9738
42 66 9579
4 66 397
58 66 3994
38 66 1806
52 66 276
24 66 1079
50 66 5951
15 66 2016
36 66 8127
48 66 5944
20 66 9774
8 66 6785
5 66 2057
23 66 7123
37 66 9827
39 66 1214
30 66 5424
27 66 6227
41 66 6823
63 66 5402
22 66 7695
40 66 3759
66 67 3352
22 67 3375
41 67 7895
62 67 2780
29 67 5712
50 67 6587
4 67 8908
65 67 8213
51 67 9595
54 67 3221
0 67 5966
31 67 8008
45 67 8140
59 67 5804
35 67 9396
49 67 2180
40 67 9822
6 67 3117
12 67 1274
39 67 7341
18 67 8567
11 67 2952
37 67 5643
55 67 6386
10 67 7577
27 67 4777
28 67 4383
17 67 4929
64 67 6428
15 67 457
56 67 1015
13 67 4815
3 67 7150
43 67 5187
8 68 6050
21 68 7134
66 68 5709
12 68 223
16 68 3439
45 68 3078
54 68 3540
35 68 1734
23 68 8021
52 68 8768
0 68 101
5 68 1802
34 68 6625
40 68 1853
28 68 6235
62 68 7511
48 68 8331
60 68 9902
41 68 348
47 68 3697
30 68 7466
37 68 417
25 68 6763
4 68 7608
6 68 9940
10 68 5424
67 68 3842
36 68 2727
9 68 5072
56 68 1096
27 68 3752
46 68 9842
20 68 4115
39 68 3820
31 69 1605
12 69 9859
17 69 6386
29 69 1
35 69 7275
34 69 8564
33 69 1092
37 69 4737
52 69 9320
20 69 2587
4 69 5918
36 69 1438
3 69 8401
32 69 7300
1 69 8339
62 69 4303
23 69 1026
18 69 2161
59 69 9391
30 69 868
41 69 2773
53 69 8853
21 69 9719
2 69 5195
55 69 8793
50 69 2205
24 69 9674
10 69 2136
15 69 7640
13 69 4224
5 69 4709
48 69 8710
14 69 1910
0 69 3575
22 70 3364
29 70 544
3 70 3054
0 70 9297
41 70 2776
53 70 1843
52 70 2688
31 70 6644
30 70 1012
9 70 7899
5 70 7069
40 70 7087
16 70 7458
69 70 9218
37 70 3862
49 70 8536
21 70 8143
50 70 5306
8 70 7761
39 70 8643
36 70 4158
7 70 3950
32 70 6103
25 70 4700
67 70 7824
15 70 9280
23 70 9194
13 70 8865
17 70 4122
61 70 1225
47 70 3972
33 70 3639
42 70 5181
24 70 3125
61 71 9438
23 71 3661
34 71 7671
42 71 261
33 71 6272
63 71 9528
56 71 5355
38 71 4551
0 71 755
27 71 8538
40 71 4688
41 71 8628
35 71 7945
9 71 5253
46 71 3167
15 71 78
4 71 1913
57 71 642
22 71 6528
12 71 9690
52 71 114
3 71 178
49 71 3313
16 71 6292
67 71 8971
7 71 3656
17 71 8337
70 71 7033
26 71 1043
43 71 7708
14 71 151
5 71 6604
19 71 3326
11 71 3498
37 72 2591
51 72 2660
25 72 4616
8 72 609
32 72 4332
55 72 2736
21 72 3596
50 72 9901
36 72 3921
27 72 4224
70 72 586
44 72 3139
10 72 689
28 72 7717
17 72 6673
24 72 9742
4 72 1325
65 72 7755
41 72 5011
63 72 9825
66 72 6721
42 72 7735
30 72 6091
38 72 5414
18 72 4289
15 72 1862
11 72 993
3 72 2263
5 72 4563
58 72 9570
9 72 9278
19 72 6050
53 72 7294
61 72 3885
68 73 7665
61 73 5073
50 73 868
5 73 6793
51 73 2169
56 73 2451
0 73 8184
46 73 4428
35 73 9601
71 73 5331
4 73 766
22 73 3734
15 73 987
13 73 3484
39 73 8556
31 73 337
48 73 9785
20 73 58
18 73 2209
40 73 6660
49 73 6595
30 73 6226
14 73 7159
1 73 6646
38 73 8621
25 73 816
12 73 4006
17 73 4613
24 73 3503
16 73 8790
58 73 7958
21 73 8970
32 73 4807
60 73 6742
66 74 6197
36 74 5081
10 74 8994
6 74 7194
14 74 8567
38 74 7616
31 74 1350
59 74 9721
64 74 6664
57 74 6750
50 74 8979
53 74 8368
19 74 3597
62 74 7955
47 74 3896
25 74 5156
45 74 3487
24 74 4863
27 74 3471
58 74 4425
70 74 6431
32 74 8975
18 74 6328
2 74 7884
23 74 5967
72 74 8855
56 74 9519
41 74 9298
21 74 7276
26 74 2897
67 74 8389
35 74 1637
43 74 3670
7 74 5229
23 75 9374
0 75 1852
16 75 4885
36 75 9949
68 75 4258
2 75 2372
12 75 2658
31 75 1586
17 75 6808
29 75 4657
44 75 7411
19 75 8192
67 75 5251
66 75 6388
73 75 4956
27 75 3508
58 75 4544
15 75 3728
52 75 8045
71 75 7012
34 75 2810
47 75 207
24 75 687
53 75 6816
18 75 6970
10 75 17
56 75 9253
14 75 5925
39 75 6782
72 75 5553
40 75 7647
32 75 8891
13 75 1369
9 75 4526
40 76 3109
30 76 5670
42 76 8515
16 76 7434
34 76 7271
41 76 9048
15 76 2406
71 76 4148
64 76 992
19 76 1180
12 76 3093
13 76 77
70 76 5491
52 76 3915
68 76 1768
24 76 4104
43 76 1523
57 76 6076
18 76 552
47 76 9140
22 76 5672
73 76 6423
27 76 4773
32 76 6907
4 76 7187
48 76 2686
58 76 12
49 76 7609
23 76 8793
39 76 4831
9 76 7372
63 76 2619
60 76 2909
50 76 3188
13 77 2530
57 77 9802
33 77 732
50 77 3760
0 77 8386
21 77 4057
60 77 967
69 77 5789
38 77 4322
39 77 3995
32 77 5339
68 77 937
10 77 1570
16 77 7278
1 77 7767
59 77 7405
61 77 1007
45 77 3927
2 77 3854
49 77 5006
25 77 9421
19 77 9415
36 77 5612
70 77 5702
18 77 1690
31 77 5727
5 77 8693
67 77 8045
4 77 6911
30 77 2223
15 77 8215
62 77 4358
27 77 2827
26 77 595
36 78 7901
15 78 3388
7 78 9102
13 78 4874
21 78 189
67 78 3054
8 78 6963
57 78 405
26 78 6061
18 78 338
38 78 666
77 78 1635
60 78 7000
34 78 9566
31 78 7353
12 78 2475
33 78 6452
27 78 4610
54 78 3006
45 78 257
46 78 2816
1 78 4667
70 78 7122
41 78 4412
32 78 5111
23 78 5831
40 78 8849
44 78 8269
14 78 247
28 78 4509
53 78 6101
63 78 1835
2 78 3121
11 78 784
75 79 9687
69 79 2840
1 79 6814
51 79 6110
13 79 4185
31 79 3215
7 79 1425
27 79 7056
15 79 3465
77 79 8791
52 79 7779
26 79 5944
14 79 5711
64 79 1213
42 79 4843
0 79 1771
12 79 2254
46 79 6721
22 79 5459
40 79 1156
76 79 6662
62 79 4779
61 79 2556
33 79 5978
25 79 5130
37 79 8183
30 79 5433
21 79 8312
45 79 9408
60 79 4846
39 79 4945
38 79 1930
72 79 3108
70 79 6683
53 80 8692
5 80 1832
32 80 685
51 80 4084
15 80 7860
16 80 9258
30 80 154
6 80 6669
73 80 4805
0 80 6648
61 80 4388
50 80 9349
23 80 2811
56 80 8450
48 80 2836
20 80 102
12 80 3184
38 80 5032
25 80 3201
39 80 8958
26 80 2084
68 80 8812
13 80 6277
34 80 598
11 80 6129
69 80 6385
18 80 2222
33 80 5663
52 80 2585
24 80 5924
46 80 6058
28 80 1720
35 80 9838
37 80 9944
35 81 7074
63 81 8971
56 81 1834
28 81 1155
1 81 2487
69 81 839
75 81 8483
53 81 5200
12 81 3898
11 81 3785
15 81 1912
37 81 7416
57 81 8090
32 81 1520
6 81 6032
58 81 2122
20 81 7976
49 81 1742
34 81 6192
68 81 3245
4 81 7685
40 81 4865
41 81 596
18 81 5874
47 81 7243
0 81 2965
55 81 4920
9 81 8913
26 81 3515
66 81 269
74 81 6090
14 81 4755
45 81 7357
80 81 3864
4 82 7980
35 82 4864
37 82 1549
75 82 8391
43 82 6580
51 82 9248
68 82 4901
30 82 879
20 82 2024
16 82 5722
18 82 5414
24 82 6545
81 82 9399
41 82 9414
10 82 5178
31 82 1634
64 82 6528
25 82 1890
53 82 6816
55 82 9326
58 82 6217
36 82 852
9 82 1008
3 82 7384
22 82 1257
8 82 4559
23 82 1308
34 82 989
69 82 8928
15 82 479
2 82 4174
73 82 417
39 82 5112
28 82 8945
54 83 645
7 83 6678
79 83 6411
48 83 5274
52 83 9354
67 83 8033
29 83 7374
16 83 5660
31 83 9526
28 83 384
27 83 9684
5 83 350
26 83 2710
82 83 6443
57 83 8074
40 83 3662
61 83 3853
11 83 6392
12 83 2189
58 83 2557
53 83 8038
42 83 7945
59 83 3161
34 83 7675
24 83 7059
77 83 2048
3 83 8304
44 83 5330
65 83 4126
46 83 9203
32 83 3339
15 83 3710
19 83 4231
39 83 1341
1 84 7618
36 84 1634
31 84 7771
2 84 5867
39 84 85
80 84 4064
28 84 6868
37 84 3133
45 84 5878
21 84 5952
34 84 2321
68 84 7962
51 84 9904
48 84 5977
66 84 8356
40 84 5965
6 84 5518
4 84 6556
0 84 7296
64 84 5776
33 84 2821
7 84 1831
19 84 1792
3 84 7635
54 84 1679
62 84 5013
57 84 7372
5 84 2681
81 84 6077
67 84 3118
42 84 1576
53 84 2795
73 84 1685
70 84 8030
0 85 7726
66 85 6535
14 85 8133
80 85 9158
2 85 4370
20 85 2339
22 85 8910
16 85 6385
5 85 3720
6 85 8453
33 85 6220
52 85 5548
11 85 7768
71 85 8188
10 85 988
25 85 2423
27 85 894
30 85 3620
9 85 1846
57 85 5145
15 85 7416
42 85 5651
70 85 6759
43 85 415
81 85 1459
19 85 6305
49 85 4063
41 85 8826
35 85 8707
62 85 847
54 85 4340
53 85 4926
45 85 3424
38 85 8987
12 86 7754
48 86 9615
45 86 572
6 86 4847
8 86 4444
39 86 8110
2 86 5468
60 86 7892
67 86 4426
4 86 2946
16 86 1932
40 86 4683
51 86 8416
69 86 6161
61 86 4559
72 86 9375
5 86 6981
0 86 8007
64 86 9483
13 86 8914
31 86 6823
15 86 7926
38 86 5967
20 86 9693
17 86 1591
32 86 3904
1 86 3843
81 86 267
19 86 940
22 86 251
21 86 3021
11 86 4474
7 86 8626
3 86 544
3 87 6892
79 87 853
80 87 1317
86 87 8953
6 87 7962
32 87 387
15 87 562
85 87 538
61 87 7901
12 87 3684
51 87 8983
42 87 1834
37 87 5451
57 87 427
72 87 2370
26 87 476
31 87 8389
29 87 6132
49 87 7408
60 87 6492
23 87 7830
48 87 3361
24 87 3481
27 87 5244
0 87 9437
34 87 5577
76 87 2521
45 87 8504
35 87 5620
39 87 3600
18 87 9879
2 87 1214
59 87 414
54 87 7045
1 88 6374
28 88 6838
17 88 7683
50 88 2970
2 88 7433
74 88 6064
5 88 3038
9 88 7875
51 88 8564
12 88 4600
38 88 2100
26 88 1826
15 88 9818
19 88 4969
32 88 2786
67 88 1185
46 88 4945
77 88 7086
54 88 601
63 88 2468
37 88 8980
48 88 3725
4 88 749
11 88 2165
70 88 4381
24 88 8112
78 88 4406
21 88 8696
20 88 4602
58 88 9875
14 88 8670
59 88 5738
13 88 960
31 88 9969
34 89 4447
19 89 9683
79 89 8729
83 89 2895
52 89 4771
33 89 8877
44 89 7452
15 89 1661
72 89 6039
14 89 4779
88 89 7086
56 89 8689
55 89 1742
38 89 2645
12 89 813
57 89 5125
11 89 4568
42 89 3084
75 89 7060
69 89 6249
2 89 3395
71 89 8602
31 89 3694
21 89 9415
73 89 7372
84 89 8269
47 89 251
9 89 5101
30 89 7510
22 89 2959
18 89 9789
78 89 6718
65 89 7451
28 89 2010
13 90 6344
75 90 9232
56 90 3507
16 90 1660
54 90 9213
42 90 4242
65 90 6552
1 90 9073
82 90 115
51 90 744
28 90 3069
22 90 7321
17 90 4259
5 90 827
18 90 1193
30 90 1487
4 90 5998
8 90 9923
0 90 8802
63 90 7213
32 90 1812
81 90 9549
44 90 9904
72 90 8038
12 90 4293
89 90 9506
47 90 2767
55 90 3592
7 90 9659
6 90 5065
26 90 2604
70 90 9441
25 90 7308
52 90 9304
1 91 5044
5 91 4002
44 91 6068
42 91 3003
23 91 8149
53 91 1501
56 91 8971
3 91 1625
72 91 424
15 91 3570
68 91 6631
81 91 4779
17 91 8550
24 91 3372
35 91 4867
22 91 9887
28 91 623
25 91 8862
48 91 8976
83 91 14
74 91 7600
49 91 8047
7 91 970
51 91 5092
70 91 9031
32 91 5295
69 91 9026
43 91 3087
38 91 8353
26 91 9402
33 91 9278
21 91 3585
54 91 883
47 91 6188
1 92 1257
81 92 1478
37 92 9622
42 92 3555
58 92 5548
10 92 2653
60 92 6223
83 92 4649
13 92 9979
90 92 1242
70 92 1641
15 92 9532
32 92 6963
11 92 206
12 92 1872
62 92 1374
78 92 1283
38 92 5649
21 92 2825
52 92 5945
18 92 5579
31 92 9207
35 92 9191
36 92 2082
73 92 7044
91 92 6738
3 92 3057
33 92 7268
34 92 8161
30 92 6111
47 92 5488
26 92 6442
24 92 1972
23 92 4775
25 93 3428
45 93 4706
7 93 2814
47 93 123
42 93 3157
31 93 3423
13 93 8562
33 93 2110
28 93 4446
0 93 5438
6 93 8181
85 93 8728
41 93 4861
26 93 4430
5 93 9974
21 93 1042
61 93 6246
14 93 1807
46 93 4560
76 93 6754
40 93 2614
30 93 9766
63 93 2224
8 93 5998
44 93 8236
58 93 5458
49 93 2509
86 93 2440
51 93 4680
57 93 8352
36 93 7391
83 93 1058
19 93 7006
15 93 4091
4 94 9110
60 94 8476
71 94 2661
16 94 8310
63 94 2034
9 94 4965
66 94 7000
83 94 9932
65 94 8548
30 94 3573
27 94 1717
3 94 6134
23 94 7951
15 94 415
0 94 9535
29 94 6832
40 94 9461
24 94 2679
77 94 1341
7 94 996
10 94 3840
31 94 9753
54 94 2842
67 94 1225
37 94 7115
6 94 5433
57 94 2990
78 94 2996
21 94 8870
41 94 489
79 94 9599
34 94 8910
76 94 2910
32 94 5510
66 95 5991
65 95 2141
20 95 9022
71 95 2650
17 95 9133
5 95 9285
68 95 782
40 95 3694
54 95 9357
50 95 6922
35 95 2146
0 95 7347
12 95 1467
10 95 617
51 95 120
87 95 2728
72 95 9011
37 95 163
7 95 5145
74 95 596
28 95 5702
64 95 9498
33 95 7144
36 95 1578
81 95 3570
78 95 7503
56 95 1555
22 95 5184
23 95 1824
46 95 5173
44 95 8107
75 95 2031
32 95 6432
4 95 8793
26 96 9321
42 96 817
66 96 2393
76 96 4535
94 96 7858
44 96 2641
23 96 4789
80 96 9569
93 96 4738
46 96 3179
1 96 6617
10 96 1142
34 96 4023
15 96 548
29 96 9150
78 96 5355
14 96 6863
4 96 2533
5 96 1349
52 96 9047
33 96 451
49 96 1616
12 96 7559
38 96 5029
88 96 2946
72 96 5727
36 96 8573
90 96 6761
3 96 2728
85 96 9856
16 96 2777
21 96 355
20 96 8320
82 96 2537
91 97 4841
15 97 4788
6 97 1269
11 97 2016
44 97 9302
38 97 1972
48 97 1154
85 97 6778
94 97 201
80 97 4880
90 97 1091
17 97 85
47 97 8994
72 97 5452
24 97 6608
2 97 2725
25 97 7242
1 97 9379
5 97 7506
51 97 8183
79 97 4711
14 97 784
52 97 9243
23 97 3827
34 97 3813
36 97 2610
9 97 4282
12 97 1099
61 97 9848
46 97 6722
64 97 1550
33 97 8572
42 97 9006
86 97 7267
79 98 7926
25 98 1492
45 98 2213
75 98 5572
82 98 4964
52 98 9936
22 98 4870
20 98 2731
57 98 9045
72 98 527
88 98 6630
87 98 7230
14 98 1995
51 98 7191
2 98 7793
55 98 1728
89 98 8001
76 98 9226
44 98 8308
28 98 7750
30 98 5848
0 98 4766
96 98 1065
13 98 9168
84 98 9256
90 98 5534
85 98 5647
65 98 6152
92 98 8169
38 98 6791
60 98 9095
59 98 6009
36 98 195
11 98 1466
22 99 8826
80 99 7090
7 99 8205
4 99 5972
3 99 7247
52 99 186
90 99 7538
31 99 2723
19 99 7647
11 99 6922
53 99 2283
30 99 4371
2 99 193
8 99 6277
15 99 9942
13 99 5521
36 99 8863
49 99 5732
35 99 4603
29 99 1922
45 99 8439
68 99 8995
26 99 8655
18 99 351
74 99 5619
61 99 152
91 99 8379
69 99 8365
9 99 1818
54 99 4657
16 99 9966
25 99 7115
71 99 5960
10 99 3124
44 100 6701
18 100 5478
59 100 5373
32 100 5506
3 100 9404
67 100 5120
10 100 73
73 100 3179
38 100 1765
76 100 4194
40 100 3214
16 100 4088
43 100 9639
33 100 9461
39 100 570
24 100 3834
13 100 7900
96 100 498
49 100 2725
50 100 7650
48 100 4889
72 100 5750
51 100 601
77 100 4955
79 100 3635
60 100 2784
14 100 9620
21 100 905
93 100 9140
63 100 7440
97 100 8185
57 100 3884
82 100 505
20 100 1515
59 101 5789
64 101 7879
86 101 8379
1 101 4269
33 101 9857
3 101 5358
23 101 2297
17 101 3803
0 101 8489
80 101 4941
70 101 7093
20 101 2557
24 101 6399
83 101 8945
37 101 1949
97 101 7491
22 101 6001
29 101 5457
41 101 5747
58 101 4797
35 101 8168
42 101 1606
47 101 6254
45 101 5902
34 101 2656
75 101 9669
10 101 500
76 101 6459
51 101 6649
82 101 303
62 101 9933
40 101 9254
99 101 9468
84 101 1216
16 102 4405
73 102 9394
44 102 8291
38 102 1459
27 102 685
29 102 3167
9 102 1685
47 102 9825
33 102 2953
65 102 73
77 102 6130
37 102 916
36 102 7228
49 102 1073
22 102 4588
2 102 5542
7 102 8283
46 102 2422
18 102 5363
86 102 6255
100 102 9360
32 102 8218
28 102 4688
45 102 9679
24 102 5206
42 102 891
0 102 5984
98 102 8119
85 102 7553
63 102 9548
10 102 8100
12 102 7656
51 102 7055
81 102 9080
84 103 3816
53 103 7853
24 103 3655
19 103 9905
20 103 3355
45 103 1388
27 103 5230
18 103 2107
58 103 1095
46 103 57
94 103 3915
5 103 652
17 103 2030
72 103 24
78 103 9673
1 103 5854
37 103 2150
31 103 2864
36 103 6412
23 103 1288
35 103 9306
3 103 5739
100 103 5366
70 103 6598
52 103 4935
97 103 7685
55 103 1747
86 103 9544
2 103 4464
69 103 9263
13 103 4131
71 103 7659
32 103 4890
9 103 3286
2 104 8554
22 104 1352
38 104 8100
51 104 7075
36 104 1099
12 104 7595
7 104 936
20 104 9713
18 104 2124
86 104 9743
50 104 2312
102 104 105
56 104 3276
24 104 3484
32 104 3314
28 104 9979
91 104 578
66 104 8194
34 104 9841
90 104 2389
83 104 1303
13 104 1078
63 104 7947
31 104 3197
39 104 6112
72 104 496
1 104 9344
55 104 1466
75 104 5985
61 104 8688
79 104 4821
30 104 2390
11 104 2950
37 104 2423
47 105 1423
75 105 839
71 105 4448
86 105 1372
44 105 923
23 105 4875
32 105 8773
22 105 6964
49 105 6486
88 105 456
96 105 9374
41 105 9202
93 105 4096
27 105 3340
36 105 4823
70 105 9705
51 105 5058
2 105 3447
81 105 7396
68 105 5308
37 105 1183
6 105 4885
89 105 2036
69 105 6680
0 105 2023
64 105 9192
91 105 1316
45 105 3295
26 105 7903
76 105 3580
9 105 3954
72 105 7172
48 105 2410
30 105 7817
19 106 1401
98 106 468
86 106 2851
59 106 568
84 106 5271
28 106 4182
61 106 9011
70 106 1188
14 106 4718
5 106 5392
45 106 5792
99 106 9144
22 106 3435
8 106 9336
13 106 7376
24 106 6401
72 106 4714
79 106 2513
27 106 190
3 106 8760
30 106 799
77 106 4613
4 106 6084
52 106 3345
25 106 9363
1 106 3905
64 106 6046
7 106 4394
39 106 3996
18 106 1685
35 106 9669
104 106 9043
48 106 4526
66 106 3693
77 107 7884
21 107 3323
5 107 4367
17 107 4447
71 107 8353
75 107 1493
69 107 3112
47 107 9583
25 107 7007
20 107 3661
86 107 2844
74 107 8980
30 107 142
15 107 1747
46 107 868
34 107 1316
3 107 8647
12 107 1152
22 107 613
96 107 1096
97 107 4684
27 107 8578
16 107 6946
68 107 336
67 107 7985
9 107 6547
42 107 2737
93 107 3829
65 107 4850
88 107 8255
19 107 1221
94 107 2848
45 107 20
95 107 4063
106 108 6828
76 108 179
16 108 9338
24 108 7451
25 108 1132
87 108 8652
44 108 1526
27 108 5644
64 108 4251
14 108 3153
79 108 5071
6 108 1384
22 108 2112
32 108 2395
5 108 6445
96 108 6506
55 108 1834
70 108 7594
93 108 285
35 108 1009
23 108 7131
4 108 5033
37 108 8042
10 108 4856
59 108 4413
100 108 564
20 108 2116
0 108 8622
15 108 8804
75 108 5011
41 108 8576
80 108 3092
48 108 5283
28 108 6034
37 109 6268
2 109 395
92 109 1453
86 109 9730
83 109 5004
51 109 7269
52 109 5195
3 109 200
45 109 9601
34 109 5860
62 109 8205
59 109 5895
75 109 2063
32 109 148
102 109 978
88 109 2601
91 109 9204
97 109 987
96 109 3048
29 109 3993
10 109 6431
47 109 8470
4 109 3747
6 109 721
60 109 1961
49 109 3260
87 109 5838
38 109 3324
1 109 1374
18 109 4822
27 109 2594
76 109 6799
7 109 8640
25 109 9947
37 110 1528
16 110 2526
78 110 2238
39 110 8820
85 110 6904
74 110 2393
73 110 6896
9 110 9691
0 110 7814
41 110 4546
10 110 2738
24 110 3241
31 110 5031
103 110 1673
75 110 777
94 110 5641
15 110 9117
58 110 7088
40 110 7851
32 110 2416
91 110 2415
22 110 2267
106 110 9350
46 110 8628
57 110 9930
30 110 1902
28 110 9611
56 110 3760
29 110 3955
25 110 1990
47 110 6240
6 110 6069
79 110 4007
52 110 1194
35 111 9510
3 111 9511
14 111 6969
37 111 5376
86 111 1084
21 111 932
31 111 112
15 111 3255
49 111 4943
99 111 9872
2 111 5101
8 111 5062
11 111 1228
44 111 7298
39 111 4468
4 111 1571
81 111 7425
51 111 9547
61 111 8748
82 111 1492
25 111 6723
48 111 1354
100 111 3625
64 111 2396
17 111 9338
71 111 2711
50 111 8196
28 111 5971
75 111 4863
24 111 9516
40 111 597
58 111 2156
12 111 8882
45 111 2254
84 112 9861
66 112 9683
28 112 1342
89 112 6541
47 112 2811
12 112 5081
90 112 797
22 112 2516
83 112 911
80 112 4412
24 112 4097
71 112 4244
73 112 8759
5 112 821
13 112 3046
16 112 7152
48 112 3791
0 112 3771
79 112 3862
42 112 9726
74 112 5484
18 112 2084
46 112 519
87 112 7720
33 112 8529
17 112 3664
30 112 3091
50 112 2810
7 112 2898
69 112 6410
61 112 4665
20 112 4197
21 112 8505
98 112 1294
59 113 1462
10 113 2360
50 113 7912
49 113 3735
45 113 2194
62 113 420
42 113 4178
0 113 1304
74 113 5136
11 113 4115
2 113 4532
34 113 8201
27 113 6041
20 113 3851
65 113 9724
61 113 6182
47 113 4828
8 113 7663
4 113 7702
36 113 9503
3 113 1971
77 113 4670
71 113 3599
7 113 3429
111 113 2432
29 113 1717
19 113 2496
38 113 7764
26 113 5821
107 113 7812
18 113 8113
16 113 3698
24 113 5402
5 113 1450
41 114 3161
93 114 6220
86 114 7768
29 114 5642
37 114 2642
96 114 7485
12 114 2235
20 114 3665
31 114 6627
56 114 4152
3 114 8530
83 114 4911
23 114 2026
65 114 5127
43 114 2926
75 114 6020
55 114 4535
105 114 8836
82 114 1831
85 114 5300
5 114 4888
32 114 7158
8 114 132
50 114 8775
89 114 8950
33 114 1517
74 114 5650
7 114 9470
16 114 2378
102 114 4662
112 114 610
30 114 6827
107 114 9360
1 114 4294
57 115 2749
79 115 758
104 115 9430
21 115 2417
98 115 1577
18 115 1439
34 115 4353
56 115 4810
29 115 4846
49 115 6445
33 115 9009
10 115 4848
77 115 388
41 115 402
13 115 8079
7 115 5192
65 115 2418
82 115 8894
81 115 7320
70 115 8006
11 115 5597
109 115 7696
23 115 7166
66 115 9308
5 115 2520
9 115 9021
42 115 6411
8 115 7704
28 115 5908
2 115 400
91 115 8513
36 115 6837
12 115 8238
14 115 3134
35 116 1505
88 116 5394
39 116 8256
38 116 3495
4 116 6462
98 116 6861
78 116 810
27 116 9105
28 116 5979
8 116 6813
99 116 1163
95 116 413
33 116 5970
16 116 8503
17 116 3718
23 116 8697
86 116 1993
48 116 9818
70 116 1239
72 116 155
2 116 5287
7 116 4977
20 116 3153
42 116 7910
59 116 9753
103 116 1494
65 116 956
106 116 1798
114 116 4771
15 116 8649
94 116 4804
55 116 9862
44 116 7670
29 116 7671
112 117 579
67 117 3422
109 117 2958
11 117 3470
0 117 8002
60 117 5854
107 117 3392
4 117 3707
58 117 2668
42 117 4455
33 117 9945
39 117 5185
22 117 2257
71 117 2173
7 117 9168
56 117 9961
87 117 4918
57 117 182
21 117 1518
12 117 7912
102 117 7246
51 117 7606
3 117 5532
34 117 1697
40 117 8914
25 117 7098
10 117 7886
90 117 6852
17 117 3725
30 117 5385
74 117 2799
84 117 9995
98 117 8269
108 117 6908
30 118 4082
21 118 3419
60 118 2746
90 118 2923
0 118 1908
45 118 3719
49 118 3676
24 118 8008
97 118 6435
14 118 8774
70 118 365
26 118 9194
31 118 7426
63 118 7305
39 118 6713
37 118 3915
93 118 3681
28 118 4011
11 118 634
56 118 9625
112 118 1991
109 118 3745
113 118 7352
95 118 5724
34 118 2810
33 118 9181
99 118 3465
19 118 3538
17 118 7849
57 118 383
44 118 7626
3 118 7311
73 118 8036
42 118 2497
50 119 9462
10 119 9912
24 119 1997
61 119 5154
72 119 9141
2 119 6773
36 119 3884
107 119 147
111 119 9672
27 119 6123
53 119 619
58 119 7618
29 119 4711
68 119 4890
42 119 2387
62 119 4585
66 119 6797
44 119 3437
79 119 8871
17 119 155
97 119 6540
105 119 4174
3 119 343
40 119 3690
48 119 1781
64 119 5430
103 119 4701
89 119 4673
52 119 9703
54 119 2016
82 119 335
47 119 3242
116 119 2199
4 119 3840
33 120 1206
38 120 4523
62 120 2128
31 120 9370
58 120 6952
88 120 2782
80 120 3764
21 120 8326
94 120 9824
3 120 3195
72 120 493
7 120 2619
27 120 4785
54 120 4745
47 120 4220
29 120 6071
81 120 4820
36 120 7102
87 120 1731
39 120 7700
24 120 3647
16 120 9918
30 120 8227
43 120 7181
48 120 161
50 120 2744
5 120 3598
117 120 8093
97 120 8895
10 120 8016
113 120 4538
99 120 1388
64 120 6156
44 120 5602
14 121 628
12 121 1470
120 121 2352
42 121 1374
76 121 7616
48 121 4521
72 121 9259
13 121 4406
38 121 5689
107 121 1318
24 121 5821
20 121 1998
69 121 7237
99 121 8921
22 121 3563
34 121 2906
9 121 2780
11 121 2498
63 121 3622
7 121 1730
1 121 4332
62 121 7691
111 121 7192
30 121 6674
77 121 6525
40 121 4117
5 121 7868
56 121 675
86 121 7730
105 121 454
35 121 5188
37 121 8798
28 121 912
36 121 3409
10 122 8401
72 122 7870
45 122 3295
67 122 4616
44 122 9713
65 122 8182
9 122 7053
6 122 8717
89 122 7591
79 122 9030
13 122 2776
98 122 6174
32 122 7039
73 122 7615
71 122 7373
7 122 4899
20 122 3654
57 122 5261
34 122 422
18 122 4116
28 122 1904
39 122 5488
91 122 3522
40 122 9151
101 122 4044
48 122 492
17 122 7927
107 122 2032
83 122 1234
25 122 6011
5 122 4619
35 122 4744
55 122 8023
29 122 3472
48 123 64
47 123 2804
51 123 3003
122 123 8110
96 123 1591
11 123 642
25 123 6763
59 123 8261
1 123 5409
102 123 1930
90 123 9334
0 123 4809
21 123 7710
14 123 7973
26 123 326
84 123 8643
9 123 477
36 123 4801
119 123 6172
65 123 4148
23 123 4362
95 123 9958
3 123 8485
30 123 4958
83 123 902
38 123 7481
79 123 7417
32 123 9351
110 123 5599
20 123 8906
16 123 8829
33 123 2954
42 123 2273
106 123 9296
103 124 2255
30 124 1502
29 124 5973
21 124 6024
34 124 8688
109 124 4883
38 124 2244
71 124 6957
55 124 7435
13 124 8732
47 124 6260
25 124 7620
15 124 9389
54 124 7802
28 124 2508
26 124 8941
116 124 1784
115 124 180
82 124 2711
49 124 4624
113 124 8035
33 124 8448
32 124 3885
120 124 3715
84 124 7790
57 124 9836
45 124 93
69 124 8358
53 124 6490
112 124 6369
40 124 4469
23 124 6343
24 124 314
8 124 548
2 125 4672
50 125 4160
25 125 3519
116 125 9927
58 125 3681
4 125 1716
11 125 6692
38 125 2813
22 125 2939
53 125 4900
84 125 2898
20 125 2037
6 125 2768
62 125 2571
91 125 2313
49 125 210
34 125 7090
117 125 1430
105 125 8022
30 125 8644
12 125 975
37 125 4332
81 125 1587
27 125 9213
43 125 323
52 125 9244
89 125 4986
18 125 3849
40 125 7361
21 125 1382
87 125 61
77 125 5453
46 125 2281
59 125 2730
66 126 1087
65 126 4653
36 126 8117
53 126 4496
3 126 4433
73 126 1967
45 126 4640
47 126 9514
15 126 8299
97 126 903
78 126 678
106 126 8701
5 126 2709
13 126 6696
80 126 4848
44 126 5723
84 126 2468
58 126 6729
20 126 4397
16 126 3168
62 126 9561
95 126 4067
82 126 7872
22 126 1255
42 126 5379
17 126 8505
40 126 9510
93 126 2494
31 126 9110
85 126 8766
21 126 8385
10 126 401
105 126 6166
38 126 2540
37 127 1473
19 127 4755
111 127 4451
44 127 2549
112 127 7187
120 127 6100
12 127 2910
71 127 8042
61 127 3154
34 127 8931
2 127 7550
21 127 8852
33 127 2120
84 127 1127
15 127 6736
85 127 9438
104 127 3693
42 127 2108
114 127 407
103 127 8165
68 127 8081
117 127 5463
107 127 7362
96 127 5592
20 127 4468
32 127 8485
28 127 953
13 127 1890
8 127 4001
0 127 2708
110 127 6603
101 127 9946
72 127 2314
83 127 4564
86 128 5565
41 128 4594
13 128 1732
5 128 1905
22 128 5362
26 128 4494
70 128 3225
111 128 7519
11 128 1530
15 128 3193
38 128 7395
127 128 4949
118 128 5896
43 128 4890
20 128 4758
89 128 6302
46 128 1460
101 128 6651
47 128 6436
6 128 2643
69 128 7450
23 128 5148
99 128 1210
116 128 1923
28 128 8305
52 128 3294
126 128 795
44 128 4838
30 128 2535
102 128 5980
45 128 3919
36 128 1595
121 128 3999
61 128 3004
19 129 7419
117 129 5202
38 129 8582
22 129 2357
70 129 8776
18 129 4005
76 129 5196
34 129 844
1 129 2248
17 129 453
6 129 1314
54 129 2474
122 129 4225
116 129 3137
21 129 5324
40 129 4763
95 129 1116
96 129 6434
100 129 859
30 129 5714
64 129 25
74 129 3057
59 129 6967
39 129 502
46 129 9070
31 129 6882
61 129 110
27 129 7184
113 129 1685
67 129 6841
124 129 9124
28 129 4296
50 129 5330
10 129 8722
32 130 7748
88 130 3922
47 130 7766
25 130 5494
46 130 6938
9 130 4590
17 130 5174
80 130 426
64 130 6086
14 130 5734
120 130 2354
62 130 1484
51 130 8380
31 130 3647
129 130 6590
7 130 6271
60 130 8092
110 130 9968
123 130 4453
35 130 9340
29 130 4878
72 130 2007
56 130 2792
122 130 1317
27 130 1161
16 130 8888
87 130 2400
41 130 8219
85 130 6042
109 130 5619
43 130 2517
50 130 6638
26 130 1812
63 130 7265
2 131 7576
35 131 2915
14 131 4897
74 131 6504
24 131 4168
56 131 8822
110 131 7357
48 131 7281
63 131 4284
53 131 3724
21 131 5908
20 131 7848
22 131 8431
42 131 6823
13 131 6097
93 131 9531
32 131 3093
90 131 9750
47 131 2913
71 131 4784
1 131 290
30 131 5981
27 131 2911
0 131 4153
44 131 4689
10 131 7624
12 131 9508
31 131 6958
16 131 4686
4 131 6359
82 131 231
108 131 8857
39 131 8968
34 131 1607
25 132 8818
122 132 2658
35 132 5776
69 132 9006
24 132 7261
38 132 5718
55 132 1048
120 132 4128
56 132 4669
130 132 30
48 132 4323
18 132 7200
45 132 2420
3 132 2876
7 132 5918
78 132 4980
70 132 5278
16 132 5256
96 132 7965
34 132 8469
5 132 2135
61 132 1140
33 132 5634
116 132 6910
23 132 1309
44 132 8102
10 132 9673
75 132 4231
37 132 216
40 132 3239
108 132 7396
13 132 2071
53 132 8272
84 132 2832
19 133 5448
124 133 1667
27 133 6889
13 133 2964
5 133 9144
130 133 7072
85 133 8239
36 133 5776
106 133 5523
60 133 9103
95 133 3322
70 133 8695
14 133 7759
15 133 5339
128 133 555
1 133 5024
40 133 1596
34 133 7221
37 133 5378
89 133 9214
51 133 316
69 133 7096
30 133 8162
29 133 2301
108 133 8811
25 133 529
55 133 8206
84 133 5276
3 133 2627
20 133 8554
39 133 4072
7 133 6659
114 133 6263
54 133 4061
23 134 8285
35 134 5632
42 134 1792
53 134 2606
29 134 4130
43 134 9107
41 134 9634
16 134 4566
83 134 1830
7 134 8777
133 134 5309
19 134 6386
9 134 8407
131 134 5494
44 134 7900
13 134 1350
116 134 2039
123 134 6398
14 134 304
38 134 7164
86 134 4055
130 134 9900
54 134 320
28 134 1421
120 134 9873
84 134 4475
64 134 7892
22 134 1920
79 134 5720
0 134 8511
102 134 7254
24 134 5763
48 134 70
52 134 8456
64 135 6072
81 135 7984
3 135 5310
98 135 6845
20 135 1291
8 135 800
30 135 3139
50 135 8850
85 135 6948
13 135 2949
99 135 2386
70 135 422
52 135 4636
74 135 1077
116 135 4043
11 135 7371
109 135 6382
0 135 1858
42 135 6886
103 135 9389
58 135 2799
126 135 3570
35 135 5924
51 135 296
131 135 2550
102 135 3724
43 135 501
10 135 9105
18 135 5548
7 135 2200
77 135 7772
57 135 2321
1 135 8341
60 135 7103
53 136 4636
3 136 7871
108 136 6667
41 136 3991
33 136 6297
50 136 4046
64 136 7822
113 136 4365
83 136 6263
31 136 6598
106 136 2215
25 136 1488
24 136 972
13 136 6079
28 136 1590
80 136 7489
92 136 4663
36 136 3043
61 136 4353
116 136 5516
60 136 2476
97 136 2218
73 136 8391
48 136 2956
26 136 1049
46 136 1604
5 136 2112
55 136 3903
58 136 3193
16 136 8146
32 136 8351
4 136 3877
22 136 9844
63 136 3576
38 137 7312
11 137 9663
23 137 5221
135 137 619
61 137 5359
122 137 6992
132 137 5553
5 137 1139
20 137 5992
60 137 902
99 137 2761
98 137 217
88 137 197
37 137 2453
31 137 8521
130 137 6348
3 137 2879
14 137 6053
87 137 5063
10 137 3611
113 137 2799
120 137 9922
96 137 7664
95 137 2824
36 137 1976
0 137 7099
111 137 5018
33 137 6248
65 137 8125
126 137 936
115 137 6811
86 137 5649
24 137 1152
27 137 1700
49 138 9056
124 138 5788
24 138 7079
23 138 9895
15 138 1844
93 138 5805
29 138 6165
16 138 5698
32 138 439
1 138 2087
90 138 4161
17 138 5958
26 138 8736
92 138 6672
47 138 918
84 138 9462
11 138 3980
43 138 7140
33 138 4188
63 138 4061
25 138 7616
97 138 4056
3 138 2588
83 138 7013
19 138 9436
71 138 5807
35 138 3000
45 138 1128
125 138 2642
109 138 2657
4 138 7160
12 138 5522
55 138 9728
13 138 3177
0 139 5549
12 139 3506
32 139 3575
124 139 4468
6 139 8610
73 139 6407
25 139 264
135 139 1237
29 139 3915
27 139 2725
99 139 620
42 139 3430
137 139 4250
4 139 3512
76 139 5260
81 139 8896
74 139 4294
28 139 5190
111 139 8402
38 139 3288
122 139 6906
49 139 2040
88 139 793
39 139 4039
84 139 8868
63 139 7825
2 139 3038
89 139 7913
21 139 4711
91 139 5714
24 139 8763
13 139 6494
58 139 5703
66 139 3135
83 140 32
85 140 7768
123 140 4291
51 140 461
88 140 469
99 140 1260
14 140 2581
29 140 5416
17 140 263
1 140 4595
6 140 9099
59 140 6303
89 140 8110
19 140 3151
7 140 5022
49 140 8388
8 140 1578
47 140 2849
78 140 4683
42 140 7794
87 140 2678
0 140 807
11 140 4715
80 140 7312
64 140 4134
5 140 2508
75 140 4972
125 140 8428
60 140 8848
43 140 360
31 140 6619
33 140 312
90 140 6417
93 140 1421
82 141 9228
14 141 4066
139 141 8692
11 141 1706
81 141 6792
102 141 8
39 141 8376
63 141 924
17 141 2871
3 141 2526
24 141 9529
97 141 3812
99 141 6736
57 141 6909
79 141 9205
41 141 3672
73 141 9585
68 141 2118
1 141 5194
18 141 7305
37 141 8903
77 141 1475
9 141 7210
44 141 9585
60 141 7524
4 141 7845
48 141 7846
36 141 466
85 141 7834
47 141 5883
128 141 6710
8 141 1682
126 141 8814
69 141 7979
27 142 4819
106 142 5659
52 142 4604
26 142 3925
8 142 5286
98 142 9682
138 142 7833
60 142 8963
7 142 8910
55 142 8399
18 142 3045
85 142 1973
102 142 2140
40 142 6677
77 142 5751
12 142 155
16 142 636
78 142 3649
4 142 1684
53 142 2684
54 142 2511
5 142 3137
112 142 8330
107 142 5409
3 142 8519
109 142 6781
9 142 3426
65 142 8330
20 142 3349
64 142 2433
121 142 8770
103 142 7317
25 142 9723
73 142 1088
30 143 2670
21 143 3834
18 143 4368
63 143 8709
81 143 7005
86 143 2836
131 143 7114
2 143 6445
106 143 6392
49 143 6229
8 143 2975
40 143 4098
3 143 4000
122 143 913
43 143 2218
15 143 7628
17 143 8473
4 143 9150
117 143 9087
34 143 5077
9 143 684
26 143 9507
27 143 2952
29 143 8264
95 143 7431
135 143 5630
46 143 2629
82 143 6643
35 143 4306
123 143 5340
64 143 4065
38 143 380
41 143 3240
79 143 958
11 144 1298
65 144 7523
66 144 544
125 144 6454
97 144 2665
0 144 2696
36 144 6047
49 144 9708
33 144 1100
40 144 79
54 144 1034
141 144 9818
20 144 5258
61 144 2995
51 144 5680
104 144 2043
88 144 6245
14 144 7936
22 144 7102
34 144 9332
19 144 2676
8 144 8730
24 144 7584
95 144 764
82 144 6843
41 144 832
79 144 2050
15 144 5464
111 144 4403
71 144 9898
35 144 3944
100 144 5610
122 144 5918
118 144 7139
58 145 4189
73 145 3038
89 145 8967
24 145 8927
50 145 9527
138 145 5629
66 145 2087
8 145 4317
36 145 6451
128 145 5644
0 145 4918
102 145 5303
131 145 7232
77 145 8454
84 145 3354
122 145 9616
40 145 5063
32 145 1533
140 145 4188
31 145 2916
16 145 6158
3 145 1644
19 145 6292
141 145 5872
121 145 3769
93 145 9590
29 145 4355
71 145 2356
62 145 5340
68 145 6576
70 145 326
96 145 5467
5 145 3186
67 145 7461
14 146 2509
117 146 4807
44 146 201
81 146 9248
6 146 2423
11 146 8433
26 146 8033
83 146 3430
66 146 1434
144 146 8058
91 146 6550
25 146 6908
68 146 702
128 146 1582
62 146 3633
140 146 9062
21 146 4107
87 146 3611
39 146 5418
8 146 7265
37 146 11
74 146 8848
13 146 1099
55 146 414
20 146 3719
42 146 9682
43 146 399
95 146 5897
54 146 1184
122 146 4072
138 146 9885
3 146 8082
41 146 6513
22 146 7888
114 147 6547
15 147 2965
47 147 9275
65 147 6679
64 147 5764
81 147 6625
37 147 5872
73 147 2334
27 147 7484
52 147 2199
33 147 8121
135 147 5608
69 147 6442
51 147 5782
96 147 6736
132 147 4211
43 147 8108
28 147 6426
40 147 3202
35 147 5014
62 147 2220
6 147 2052
2 147 9025
22 147 2472
113 147 3861
49 147 6556
4 147 4395
7 147 3894
19 147 6013
61 147 6086
36 147 8993
21 147 7758
1 147 18
57 147 1698
3 148 6132
5 148 79
135 148 8378
12 148 3920
25 148 6480
128 148 3615
109 148 8981
13 148 1005
35 148 2690
75 148 3837
91 148 7993
62 148 8665
50 148 6598
60 148 132
32 148 685
15 148 3168
4 148 6545
47 148 5042
144 148 2530
125 148 9488
132 148 8085
111 148 8343
51 148 2977
78 148 1714
101 148 8305
86 148 9335
108 148 5192
46 148 3468
57 148 5623
30 148 6459
113 148 1000
116 148 599
56 148 3498
14 148 197
141 149 4421
14 149 4371
30 149 4903
10 149 6846
139 149 4696
37 149 9172
13 149 9085
133 149 8934
64 149 981
75 149 4133
27 149 3711
9 149 4787
61 149 8351
28 149 697
83 149 9095
90 149 194
17 149 6148
85 149 518
5 149 8971
109 149 8398
60 149 8407
70 149 2913
69 149 8018
93 149 5994
124 149 8433
94 149 7944
24 149 9578
33 149 1861
2 149 4936
12 149 4231
84 149 2017
45 149 8206
23 149 7004
73 149 1055
138 150 5582
8 150 9562
33 150 5545
94 150 966
86 150 5738
23 150 7892
20 150 4964
15 150 1843
36 150 9592
22 150 4554
132 150 9285
59 150 9901
92 150 4549
124 150 7602
149 150 3999
81 150 7300
39 150 916
62 150 972
52 150 9240
24 150 132
58 150 4215
40 150 7835
73 150 7712
118 150 1621
109 150 8273
28 150 7336
122 150 6372
25 150 5894
27 150 2911
55 150 6922
80 150 1943
34 150 8058
117 150 8186
90 150 1793
6 151 6382
125 151 1862
71 151 9990
42 151 1944
47 151 7296
72 151 2059
53 151 1770
23 151 5775
31 151 3168
83 151 1009
36 151 4758
35 151 751
15 151 5245
136 151 416
66 151 2164
143 151 8563
110 151 8486
109 151 8008
106 151 1023
5 151 6514
8 151 3303
62 151 8027
95 151 35
107 151 7443
91 151 6404
130 151 211
142 151 5416
48 151 6552
33 151 7400
30 151 7410
29 151 3310
100 151 6062
2 151 4306
39 151 4621
60 152 4333
46 152 2052
31 152 4851
40 152 4869
32 152 3371
38 152 1222
45 152 3438
109 152 5397
44 152 3894
87 152 8419
85 152 2073
64 152 1717
97 152 7103
2 152 5680
39 152 6624
3 152 4360
19 152 7565
17 152 4948
75 152 9220
57 152 4805
33 152 1855
23 152 5715
100 152 4161
84 152 918
20 152 9128
89 152 8983
29 152 8560
0 152 1978
106 152 9974
37 152 7192
13 152 8481
120 152 1310
76 152 856
139 152 1907
23 153 3613
25 153 2965
10 153 272
98 153 3984
70 153 7635
109 153 8742
45 153 1690
61 153 9914
18 153 9771
7 153 4391
5 153 5311
50 153 1599
93 153 2982
58 153 3581
60 153 1732
49 153 2607
119 153 5028
54 153 9616
28 153 8113
35 153 8645
42 153 2168
57 153 7244
75 153 4926
92 153 9305
15 153 1845
122 153 3561
12 153 7371
96 153 1961
36 153 9862
123 153 9676
76 153 8110
86 153 7619
88 153 1653
13 153 9910
8 154 6413
17 154 1539
1 154 4098
3 154 8749
116 154 4772
87 154 9148
77 154 5843
29 154 8000
45 154 6474
0 154 4876
137 154 2156
90 154 2862
18 154 4735
60 154 9711
55 154 3698
106 154 6698
88 154 1386
36 154 9556
101 154 8072
4 154 7661
145 154 1432
85 154 1828
56 154 2477
118 154 1385
113 154 3569
123 154 3363
12 154 1126
53 154 1735
75 154 117
57 154 7413
33 154 8842
25 154 4520
35 154 5817
11 154 6516
33 155 5946
122 155 8540
153 155 8233
42 155 2422
55 155 6431
19 155 7185
81 155 8700
37 155 5124
141 155 2109
16 155 595
7 155 2572
132 155 8752
23 155 7591
52 155 8035
125 155 8862
40 155 1892
5 155 2361
3 155 6792
28 155 6473
38 155 9073
31 155 613
75 155 2207
44 155 1578
130 155 3113
58 155 9343
4 155 296
24 155 9052
82 155 8606
30 155 1442
8 155 5448
67 155 2930
111 155 2799
35 155 3534
57 155 680
7 156 5227
120 156 804
23 156 5439
60 156 119
105 156 6278
4 156 3671
36 156 5966
20 156 592
81 156 1478
63 156 1202
33 156 2039
102 156 9230
27 156 8216
8 156 6925
59 156 580
100 156 1992
41 156 9324
89 156 2371
88 156 2854
126 156 2625
28 156 3118
84 156 9136
32 156 6948
146 156 1155
30 156 1749
115 156 3391
55 156 980
43 156 8068
93 156 4986
112 156 727
15 156 9394
62 156 4618
79 156 6147
56 156 7035
41 157 6107
59 157 8731
57 157 4761
112 157 9462
9 157 4628
30 157 2237
87 157 6580
79 157 4186
95 157 8600
6 157 3389
42 157 7056
49 157 2459
138 157 2530
53 157 7526
150 157 8215
7 157 3949
15 157 7184
100 157 3952
116 157 5911
55 157 4578
146 157 5880
108 157 1239
33 157 3213
51 157 2107
128 157 6701
85 157 4204
103 157 7566
86 157 2620
34 157 5172
63 157 1966
8 157 3544
12 157 2073
40 157 5025
27 157 4491
111 158 2931
89 158 8947
25 158 3767
35 158 946
125 158 948
23 158 2875
28 158 7603
20 158 1533
77 158 3397
40 158 7344
115 158 1570
139 158 6945
83 158 187
43 158 3230
55 158 7787
8 158 7389
70 158 8225
87 158 7322
16 158 9301
12 158 9757
80 158 6277
93 158 3089
2 158 1018
46 158 2257
6 158 5494
76 158 6283
63 158 8618
22 158 4098
140 158 7931
24 158 7589
59 158 2844
118 158 245
26 158 3488
4 158 6979
108 159 2955
144 159 9005
146 159 9823
57 159 3552
126 159 4497
88 159 9838
94 159 3376
37 159 7512
117 159 8963
38 159 5876
11 159 2120
134 159 7943
36 159 2667
48 159 5001
27 159 9952
118 159 7691
25 159 7482
39 159 9047
7 159 9331
145 159 8454
3 159 9232
55 159 3786
158 159 1078
96 159 3301
52 159 1685
63 159 5293
93 159 5437
0 159 4346
81 159 8218
50 159 1813
106 159 6160
30 159 1963
92 159 6760
26 159 8954
91 160 7892
101 160 2167
134 160 9950
51 160 145
4 160 4798
18 160 1593
148 160 8858
5 160 8864
28 160 4016
140 160 2077
17 160 7700
63 160 7934
10 160 9382
9 160 5378
24 160 1160
124 160 1917
34 160 7432
42 160 3244
60 160 4857
139 160 6928
23 160 461
99 160 1962
94 160 1743
66 160 6737
57 160 6511
27 160 5261
52 160 4158
48 160 6131
46 160 2313
20 160 9517
30 160 2123
13 160 6769
21 160 6477
61 160 6145
42 161 4778
10 161 7382
33 161 143
2 161 4827
0 161 7181
47 161 2338
130 161 8699
44 161 1149
132 161 9449
48 161 4516
45 161 3576
75 161 8716
17 161 6090
5 161 378
34 161 7737
19 161 2597
39 161 1557
124 161 5075
139 161 7768
24 161 1462
62 161 1270
32 161 9864
22 161 3898
6 161 7375
55 161 6109
36 161 3003
38 161 9424
9 161 8321
95 161 5860
54 161 2239
72 161 599
43 161 670
82 161 6246
12 161 8067
148 162 105
69 162 9584
18 162 6815
57 162 4220
100 162 1336
97 162 6720
50 162 9583
19 162 437
37 162 8572
62 162 6471
102 162 1548
140 162 4245
48 162 2047
16 162 6579
43 162 1299
11 162 3764
110 162 9373
98 162 7048
45 162 2800
5 162 9083
161 162 898
135 162 8182
124 162 7928
42 162 7884
113 162 9899
105 162 990
3 162 375
41 162 6727
2 162 8377
20 162 7335
46 162 1505
106 162 5641
92 162 213
38 162 5220
11 163 8379
38 163 5389
119 163 607
47 163 610
4 163 4737
52 163 391
110 163 3585
23 163 9747
17 163 6992
87 163 3785
30 163 6349
76 163 6329
67 163 6425
125 163 7930
35 163 9911
12 163 7257
57 163 242
2 163 3242
90 163 2932
54 163 5618
72 163 1756
148 163 8
8 163 5077
102 163 4739
5 163 5583
48 163 3377
3 163 1585
89 163 5985
56 163 2608
31 163 9540
129 163 875
86 163 114
93 163 4565
32 163 4887
106 164 8558
13 164 3613
9 164 3461
64 164 8918
4 164 5911
135 164 5066
24 164 9015
60 164 187
50 164 9298
79 164 410
93 164 7525
80 164 3698
16 164 9925
48 164 5330
125 164 5723
15 164 3268
36 164 9035
39 164 430
5 164 5013
132 164 9737
139 164 9973
134 164 2789
2 164 5565
94 164 6912
83 164 6899
23 164 7264
98 164 2260
149 164 750
14 164 2086
25 164 7734
97 164 5250
26 164 6188
40 164 7252
29 164 6635
120 165 85
25 165 8312
16 165 940
33 165 319
20 165 7600
27 165 5943
88 165 9135
61 165 5649
52 165 5737
153 165 1063
93 165 9184
15 165 7931
107 165 3860
111 165 5439
7 165 232
70 165 8562
14 165 9172
76 165 8270
39 165 9200
57 165 7215
42 165 4908
5 165 4782
21 165 3741
99 165 820
18 165 3537
73 165 4383
32 165 9936
55 165 8296
92 165 7586
134 165 8681
63 165 1955
130 165 2895
123 165 2439
35 165 8046
33 166 162
97 166 2678
52 166 4700
2 166 2010
84 166 3778
126 166 2458
16 166 8018
98 166 4221
8 166 7746
58 166 3852
146 166 6000
87 166 1439
62 166 2104
109 166 9885
49 166 1897
123 166 3011
55 166 2942
24 166 959
34 166 943
28 166 1093
61 166 6349
40 166 2359
48 166 899
19 166 6352
15 166 6830
73 166 2855
122 166 2515
106 166 5332
51 166 4633
57 166 2554
108 166 7592
53 166 988
32 166 2610
20 166 3800
99 167 526
159 167 4578
53 167 5400
26 167 8227
12 167 4567
41 167 479
19 167 7297
5 167 7300
35 167 6985
45 167 8270
50 167 2281
18 167 4114
163 167 1844
80 167 7620
61 167 4526
151 167 1537
109 167 2665
97 167 7883
20 167 3657
113 167 4241
11 167 6761
52 167 6219
101 167 3470
8 167 6494
106 167 2261
2 167 4308
112 167 3726
32 167 8477
117 167 9585
133 167 2678
43 167 6010
96 167 2015
25 167 903
82 167 642
19 168 1517
1 168 5764
55 168 7645
116 168 1126
151 168 5399
46 168 2306
26 168 1209
10 168 8004
43 168 65
24 168 6086
71 168 6922
20 168 668
37 168 7807
92 168 5738
133 168 1883
5 168 1338
66 168 5281
32 168 3316
49 168 294
167 168 1309
50 168 9094
124 168 7857
128 168 9173
39 168 9407
54 168 3385
63 168 9626
65 168 4010
136 168 7681
67 168 3398
123 168 8955
101 168 6190
15 168 9681
3 168 2687
121 168 88
93 169 8517
90 169 4682
150 169 5180
31 169 6888
122 169 6962
10 169 9905
81 169 4692
166 169 813
119 169 8908
5 169 607
125 169 3739
17 169 8980
79 169 8753
66 169 4543
43 169 6735
89 169 3531
78 169 4233
54 169 1490
1 169 8485
24 169 3159
101 169 6805
152 169 36
68 169 3581
30 169 9156
41 169 6133
58 169 5809
149 169 5369
65 169 4416
70 169 2718
151 169 2362
4 169 2994
100 169 93
45 169 7241
0 169 4296
0 170 2100
61 170 9380
6 170 6012
21 170 2573
157 170 6924
64 170 2856
26 170 3629
57 170 4574
37 170 3417
45 170 9730
11 170 6889
70 170 139
164 170 2709
17 170 1492
134 170 6728
139 170 438
122 170 7497
18 170 8061
44 170 5823
12 170 3767
88 170 236
106 170 4130
35 170 1305
41 170 9931
76 170 3589
69 170 4299
5 170 1324
104 170 2629
24 170 9006
92 170 852
67 170 2212
162 170 3695
81 170 7432
8 170 3795
14 171 3811
0 171 4981
6 171 5105
157 171 5755
125 171 5774
5 171 5175
124 171 7276
55 171 9260
153 171 1642
41 171 2887
122 171 590
17 171 7795
104 171 8827
149 171 7207
132 171 6894
36 171 7051
84 171 8783
156 171 9222
12 171 7708
2 171 2848
134 171 1830
51 171 3460
128 171 2911
100 171 1968
33 171 8867
86 171 1157
78 171 8681
117 171 4744
106 171 4229
30 171 9182
63 171 8691
31 171 286
7 171 6752
79 171 2855
38 172 2553
33 172 4989
10 172 2639
19 172 11
12 172 6326
9 172 8484
168 172 8881
108 172 6419
61 172 7828
1 172 1625
5 172 9891
82 172 2693
64 172 492
71 172 3219
85 172 1398
104 172 5131
107 172 3182
77 172 4544
120 172 1194
100 172 666
29 172 5068
22 172 4309
153 172 8535
11 172 4767
124 172 5463
15 172 1099
25 172 1579
94 172 1506
23 172 702
96 172 3702
161 172 3799
115 172 4416
14 172 5366
133 172 6781
12 173 8963
16 173 9600
147 173 4164
101 173 1713
151 173 9546
24 173 8037
3 173 3380
78 173 6852
135 173 4375
143 173 3673
118 173 46
43 173 3217
4 173 3328
17 173 9597
7 173 7834
69 173 8497
131 173 3928
53 173 2812
124 173 2016
106 173 6397
29 173 7910
95 173 2079
54 173 3507
150 173 7524
99 173 2795
44 173 7862
66 173 2701
82 173 7569
42 173 5704
23 173 3618
56 173 1379
167 173 2182
153 173 8163
140 173 9055
144 174 7397
4 174 4704
136 174 1984
173 174 8507
62 174 8165
98 174 4278
87 174 189
68 174 1331
149 174 7679
22 174 8920
79 174 6516
166 174 6365
12 174 7949
18 174 7956
40 174 3065
20 174 1416
48 174 3351
21 174 940
111 174 6241
86 174 8218
30 174 2596
165 174 2146
34 174 3309
8 174 8827
113 174 3850
89 174 4289
26 174 6962
24 174 1736
118 174 6508
36 174 6608
33 174 9979
25 174 2893
58 174 9524
64 174 414
64 175 562
8 175 1175
1 175 5963
44 175 4747
26 175 688
97 175 9621
131 175 2151
58 175 4548
22 175 8696
155 175 9420
82 175 2339
66 175 5757
19 175 9422
18 175 4666
110 175 2496
54 175 9661
151 175 7590
62 175 6591
162 175 2310
40 175 8646
0 175 9761
118 175 4410
80 175 7749
124 175 6552
61 175 1612
128 175 3602
71 175 3169
46 175 6021
69 175 9932
107 175 9308
16 175 6477
79 175 8239
142 175 9530
17 175 3883
79 176 9556
39 176 9553
163 176 30
160 176 7279
117 176 8563
92 176 6610
36 176 6059
87 176 9298
16 176 5779
30 176 5820
76 176 6253
90 176 355
96 176 1892
48 176 1467
112 176 6705
175 176 7806
116 176 8941
3 176 3020
45 176 4696
7 176 61
1 176 4882
119 176 7310
20 176 9865
156 176 6424
103 176 20
99 176 4510
64 176 5688
98 176 6384
51 176 8464
63 176 2944
158 176 8005
28 176 6429
70 176 6518
106 176 2295
169 177 4546
14 177 2179
16 177 3267
63 177 1018
95 177 1862
23 177 6571
74 177 7305
19 177 5131
98 177 5035
61 177 408
91 177 9519
148 177 9652
62 177 8793
43 177 8179
135 177 3011
34 177 3436
76 177 3438
134 177 7945
29 177 2243
45 177 6084
58 177 1679
32 177 8128
17 177 3942
38 177 4018
37 177 6469
160 177 3544
162 177 1764
70 177 9589
4 177 6844
77 177 1285
68 177 3774
72 177 268
114 177 9917
102 177 5952
45 178 2054
29 178 5784
40 178 3280
34 178 2333
116 178 1496
33 178 92
132 178 881
61 178 1261
88 178 4301
30 178 7877
158 178 1034
0 178 7674
130 178 7655
151 178 5436
107 178 4587
41 178 109
78 178 5401
143 178 4688
50 178 1013
20 178 4228
101 178 9796
22 178 1255
13 178 9261
157 178 3593
37 178 2507
36 178 1776
139 178 2441
76 178 7729
124 178 8161
2 178 6940
135 178 4036
84 178 9214
170 178 5158
9 178 1609
36 179 3350
23 179 5322
40 179 6765
31 179 5293
64 179 1906
92 179 6896
62 179 2350
83 179 4998
76 179 621
20 179 686
113 179 408
18 179 9591
157 179 3018
3 179 4232
75 179 4751
125 179 3012
174 179 3838
178 179 7755
9 179 383
51 179 8139
80 179 7343
151 179 6218
2 179 5813
79 179 8141
102 179 8778
16 179 5156
30 179 5502
67 179 1357
10 179 8057
165 179 230
42 179 3229
65 179 5241
15 179 3675
44 179 5762
25 180 9166
51 180 9194
149 180 2659
67 180 4950
123 180 3629
53 180 5040
29 180 8452
42 180 2456
8 180 1936
28 180 4032
6 180 4871
112 180 9556
75 180 3141
73 180 6092
3 180 1247
12 180 2422
54 180 8740
21 180 4196
30 180 6880
10 180 1613
108 180 6087
17 180 8960
93 180 4663
133 180 8148
72 180 867
11 180 2499
9 180 4480
61 180 585
94 180 7463
37 180 920
78 180 4830
26 180 127
19 180 4496
14 180 9503
169 181 9430
3 181 434
29 181 9820
59 181 6713
7 181 2422
11 181 7054
90 181 8215
120 181 3707
105 181 7545
50 181 2691
156 181 9455
83 181 5424
49 181 9688
24 181 9341
16 181 3142
10 181 4325
73 181 2729
135 181 3370
70 181 7785
23 181 9253
20 181 3668
22 181 4006
58 181 2746
6 181 8285
27 181 5638
54 181 2566
80 181 7830
126 181 9656
65 181 6973
82 181 3278
4 181 510
71 181 4641
12 181 2238
34 181 8592
14 182 1696
113 182 1155
179 182 3837
122 182 8449
32 182 7799
84 182 4394
36 182 6631
58 182 733
2 182 1114
18 182 7696
100 182 6696
78 182 6933
86 182 4743
111 182 5471
75 182 2509
31 182 6744
37 182 2592
27 182 2224
26 182 237
167 182 855
108 182 6115
129 182 3553
13 182 1665
181 182 1739
152 182 5436
29 182 4368
101 182 9012
23 182 1544
178 182 9588
16 182 47
40 182 6912
24 182 9206
30 182 4989
3 182 7159
45 183 606
109 183 3517
108 183 4655
7 183 1466
20 183 2884
134 183 1256
127 183 4777
11 183 552
21 183 7892
75 183 120
39 183 8080
19 183 9284
9 183 9116
97 183 8643
18 183 4430
47 183 153
1 183 7786
26 183 7719
51 183 6182
27 183 1129
30 183 813
161 183 699
53 183 6089
24 183 6703
23 183 4602
126 183 3660
13 183 6162
132 183 4635
176 183 3351
5 183 1553
3 183 4580
77 183 8945
86 183 8987
145 183 9130
7 184 1386
131 184 1100
19 184 7644
20 184 389
49 184 4924
182 184 158
124 184 5257
52 184 2856
82 184 5273
32 184 8733
28 184 8001
17 184 9380
31 184 4859
164 184 6644
128 184 378
26 184 3281
60 184 1648
72 184 1795
3 184 4595
57 184 5755
45 184 3227
154 184 2822
38 184 7299
27 184 7550
106 184 4346
77 184 4576
16 184 1984
117 184 9536
63 184 8743
175 184 3871
149 184 4851
5 184 5420
94 184 3914
141 184 2719
31 185 7950
1 185 6019
86 185 9608
0 185 936
18 185 6034
49 185 9182
10 185 7012
106 185 1943
29 185 4552
124 185 3381
96 185 4734
4 185 4745
40 185 7152
78 185 4940
60 185 3746
7 185 207
28 185 7303
3 185 204
19 185 479
34 185 2121
152 185 2325
172 185 4910
91 185 782
103 185 3022
112 185 2742
20 185 2277
157 185 4483
118 185 5972
25 185 8411
52 185 1324
58 185 5409
71 185 9107
61 185 977
53 185 5523
14 186 8534
12 186 9082
5 186 3430
56 186 7283
28 186 4124
16 186 4075
42 186 5084
89 186 8755
102 186 2650
60 186 9677
67 186 944
68 186 323
18 186 6325
139 186 9554
159 186 9010
105 186 1992
155 186 7459
36 186 370
75 186 5263
30 186 4627
112 186 6211
13 186 7630
127 186 5782
8 186 6868
32 186 7567
3 186 6787
19 186 1221
100 186 196
164 186 1336
83 186 4282
118 186 5006
173 186 7757
96 186 5048
45 186 4662
4 187 2845
166 187 8918
101 187 4275
1 187 9374
57 187 7101
66 187 914
183 187 1167
110 187 592
25 187 5251
130 187 2068
0 187 7734
64 187 9638
48 187 2327
32 187 9078
141 187 2323
35 187 6679
12 187 6820
94 187 2585
5 187 1040
69 187 3323
16 187 8449
131 187 1487
142 187 8468
89 187 1260
181 187 9971
33 187 4121
157 187 2711
49 187 8930
44 187 622
177 187 5647
165 187 6459
37 187 1595
140 187 8082
59 187 3440
143 188 7954
169 188 2814
86 188 4316
161 188 4777
88 188 7448
118 188 3380
26 188 6546
150 188 6646
18 188 5740
25 188 5130
155 188 3682
42 188 7964
12 188 2429
50 188 8233
61 188 7387
14 188 8809
39 188 5787
9 188 1699
123 188 5907
51 188 5945
149 188 637
101 188 3881
176 188 2455
62 188 1381
78 188 6984
19 188 6195
7 188 501
16 188 1724
162 188 4110
44 188 8039
59 188 4232
52 188 6845
71 188 5920
184 188 6706
54 189 2566
67 189 5385
28 189 9764
15 189 135
25 189 5386
48 189 4909
29 189 949
172 189 4706
71 189 1629
35 189 8601
160 189 4501
23 189 3411
115 189 6271
12 189 8508
150 189 6997
149 189 3198
32 189 9130
3 189 1203
161 189 3046
95 189 5891
162 189 9079
69 189 2623
61 189 9356
30 189 6015
78 189 1975
60 189 4845
41 189 752
42 189 3950
45 189 14
76 189 8059
18 189 652
14 189 606
37 189 3761
145 189 6666
169 190 1349
59 190 1659
45 190 3748
69 190 9714
5 190 880
139 190 4188
71 190 1094
6 190 2376
41 190 7939
42 190 7778
94 190 8437
34 190 6845
55 190 4927
109 190 3541
57 190 5109
35 190 9740
136 190 3655
63 190 7310
107 190 2602
56 190 3747
137 190 2333
122 190 2207
22 190 4712
51 190 2748
10 190 4095
80 190 7339
30 190 341
171 190 1702
76 190 1838
37 190 1693
21 190 9756
3 190 1220
39 190 3616
33 190 1841
36 191 8574
52 191 6794
3 191 4284
8 191 3059
57 191 6228
14 191 4276
125 191 3188
73 191 1420
138 191 679
30 191 1203
24 191 4828
128 191 8627
27 191 107
5 191 5424
25 191 658
79 191 9878
132 191 7685
111 191 4855
156 191 3248
140 191 8163
124 191 5407
117 191 4467
101 191 3359
146 191 3081
10 191 665
43 191 8873
148 191 202
34 191 2764
161 191 7648
149 191 2267
18 191 3486
35 191 249
23 191 2803
20 191 7838
80 192 2958
4 192 1301
31 192 4549
188 192 8275
173 192 5424
1 192 3846
135 192 5699
69 192 4213
88 192 4487
23 192 1866
34 192 2875
99 192 7937
165 192 7079
13 192 7447
65 192 7092
2 192 4808
32 192 4413
30 192 6373
68 192 3460
38 192 5754
174 192 9402
179 192 1320
70 192 1849
67 192 5511
112 192 9564
16 192 6653
100 192 3560
6 192 893
0 192 2015
140 192 5037
20 192 8482
7 192 4961
78 192 7257
171 192 4506
95 193 6947
176 193 3109
139 193 6922
18 193 9810
85 193 41
143 193 7238
188 193 3064
81 193 7737
17 193 4018
76 193 479
21 193 1271
32 193 2291
54 193 1871
121 193 5913
64 193 4070
1 193 6214
163 193 4941
33 193 534
187 193 8544
7 193 8094
153 193 5346
77 193 645
57 193 3649
109 193 196
4 193 6381
98 193 3816
120 193 6719
44 193 1659
148 193 610
24 193 2728
40 193 283
136 193 2649
162 193 1966
15 193 215
151 194 3536
112 194 6158
53 194 6110
143 194 7010
8 194 2184
119 194 7816
26 194 5946
37 194 4980
27 194 4298
0 194 5899
16 194 7216
105 194 2390
75 194 85
61 194 9540
107 194 5050
96 194 9060
63 194 5110
116 194 5751
64 194 6605
55 194 9114
9 194 5748
106 194 3446
91 194 2787
165 194 9068
168 194 6661
120 194 8674
15 194 261
80 194 1118
94 194 1180
161 194 3390
122 194 439
84 194 3605
20 194 7875
54 194 5235
22 195 6244
82 195 9544
126 195 1554
36 195 212
53 195 6249
117 195 623
6 195 8202
55 195 8996
61 195 9085
2 195 7301
165 195 5496
29 195 5968
189 195 1363
70 195 2523
37 195 55
19 195 6584
132 195 9827
108 195 6604
119 195 4247
145 195 773
121 195 2805
43 195 4316
67 195 377
72 195 176
88 195 5778
98 195 5765
112 195 914
155 195 1246
166 195 443
27 195 2541
118 195 5591
21 195 351
4 195 8817
157 195 4164
133 196 1768
13 196 7732
19 196 6152
163 196 5977
22 196 2195
67 196 5925
52 196 4816
8 196 5140
14 196 7683
17 196 2341
167 196 1596
4 196 817
112 196 859
85 196 2687
176 196 9088
108 196 1106
16 196 6438
160 196 2963
71 196 2423
11 196 3375
31 196 7641
35 196 9077
109 196 9240
80 196 1409
21 196 6263
69 196 611
41 196 9325
174 196 7741
98 196 5013
94 196 1152
88 196 8789
185 196 1317
47 196 9161
78 196 5606
94 197 4773
128 197 1526
25 197 305
44 197 6270
29 197 9709
106 197 3730
60 197 5963
84 197 5238
17 197 1664
57 197 9285
24 197 9345
104 197 5318
86 197 264
13 197 3373
96 197 171
3 197 4802
66 197 8166
46 197 1618
18 197 3840
7 197 1875
77 197 9962
40 197 5968
27 197 5216
175 197 3875
43 197 1081
155 197 4900
129 197 8336
71 197 3582
47 197 2135
174 197 5222
34 197 8852
42 197 6720
28 197 8953
143 197 9180
189 198 9609
16 198 9795
32 198 7182
64 198 5985
149 198 7909
169 198 5969
167 198 3776
4 198 6670
52 198 9809
70 198 9976
102 198 5793
90 198 8563
8 198 5515
157 198 1293
166 198 5388
192 198 2306
26 198 1578
98 198 496
25 198 4219
51 198 1853
176 198 1574
180 198 9639
170 198 6036
87 198 8893
159 198 8815
99 198 4699
79 198 2391
115 198 4974
14 198 1627
57 198 4948
7 198 7126
77 198 8629
177 198 7242
46 198 2359
148 199 3229
8 199 8136
157 199 8331
60 199 8299
79 199 9
110 199 8744
18 199 3097
124 199 2550
52 199 3627
158 199 4206
187 199 9730
40 199 3053
108 199 8077
97 199 6805
92 199 7526
155 199 5333
102 199 7005
37 199 5079
94 199 3559
141 199 794
63 199 614
142 199 1299
43 199 6859
91 199 9264
53 199 8215
20 199 145
86 199 3161
14 199 1667
87 199 4478
57 199 6316
78 199 5285
42 199 3800
26 199 7617
82 199 8114
