80 1144
0 1 9216
0 2 5556
1 2 6198
0 3 9353
1 3 8260
2 3 783
0 4 7344
1 4 5538
2 4 4513
3 4 1177
0 5 8815
1 5 2893
2 5 2343
3 5 5106
4 5 9381
0 6 9356
1 6 6318
2 6 6606
3 6 4618
4 6 7518
5 6 8089
0 7 8761
1 7 8521
2 7 2584
3 7 4873
4 7 6216
5 7 9271
6 7 6419
0 8 5767
1 8 5077
2 8 7331
3 8 9473
4 8 4071
5 8 4070
6 8 1847
7 8 5888
0 9 1893
1 9 7306
2 9 7408
3 9 2310
4 9 5609
5 9 1094
6 9 4398
7 9 8092
8 9 9785
0 10 5576
1 10 6945
2 10 6752
3 10 5726
4 10 9157
5 10 5584
6 10 9164
7 10 1522
8 10 569
9 10 7946
0 11 1812
1 11 6360
2 11 740
3 11 3370
4 11 6965
5 11 8610
6 11 1643
7 11 9930
8 11 8323
9 11 7636
10 11 4031
0 12 2952
1 12 5152
2 12 1241
3 12 5145
4 12 6079
5 12 4280
6 12 1007
7 12 5306
8 12 5270
9 12 985
10 12 1039
11 12 5080
0 13 7679
1 13 4310
2 13 7551
3 13 1130
4 13 6538
5 13 1372
6 13 5948
7 13 6760
8 13 5710
9 13 3262
10 13 7269
11 13 5003
12 13 8576
0 14 2401
1 14 5134
2 14 5188
3 14 3093
4 14 1215
5 14 227
6 14 2406
7 14 40
8 14 3119
9 14 6160
10 14 2148
11 14 25
12 14 4460
13 14 906
0 15 8808
1 15 7059
2 15 2275
3 15 9307
4 15 3813
5 15 8748
6 15 9081
7 15 3986
8 15 6779
9 15 764
10 15 3601
11 15 3875
12 15 1291
13 15 6056
14 15 1512
0 16 5851
1 16 704
2 16 287
3 16 6179
4 16 4478
5 16 8842
6 16 4306
7 16 419
8 16 7225
9 16 5722
10 16 2013
11 16 1195
12 16 179
13 16 2176
14 16 1728
15 16 7839
13 17 1207
9 17 6670
2 17 1276
6 17 8719
0 17 6095
1 17 7287
10 17 8678
8 17 8066
4 17 1269
16 17 984
5 17 1629
15 17 4390
11 17 2043
3 17 2204
12 17 3051
7 17 4822
14 18 6463
16 18 553
13 18 7086
6 18 6310
1 18 748
10 18 4278
9 18 551
17 18 894
15 18 8378
11 18 2293
12 18 2533
0 18 9307
2 18 6709
8 18 6138
3 18 3071
5 18 5835
16 19 1677
9 19 1809
15 19 9060
18 19 6475
8 19 6650
12 19 853
1 19 4891
7 19 5107
6 19 4951
2 19 8722
4 19 276
14 19 3173
10 19 9024
0 19 9331
3 19 3613
5 19 6711
9 20 6954
17 20 1250
0 20 8913
12 20 4753
11 20 8792
10 20 2313
16 20 9291
15 20 2737
18 20 282
3 20 1822
13 20 6140
4 20 758
14 20 9600
2 20 4101
6 20 4382
5 20 8828
11 21 2359
5 21 9838
1 21 7601
14 21 2976
8 21 6066
10 21 2255
16 21 4035
6 21 837
4 21 231
0 21 5269
12 21 4223
2 21 6069
19 21 1865
3 21 3509
13 21 1109
9 21 2333
6 22 4784
4 22 506
20 22 9265
1 22 4002
13 22 4397
8 22 40
9 22 7756
11 22 7086
12 22 8794
2 22 1431
17 22 3708
16 22 1480
0 22 8283
19 22 9370
10 22 1674
7 22 9076
5 23 2702
1 23 5699
16 23 4109
21 23 30
17 23 8594
3 23 5518
11 23 9406
18 23 1434
0 23 6249
19 23 3241
13 23 5643
12 23 6951
8 23 5134
4 23 8463
14 23 7008
10 23 7203
17 24 2603
14 24 6028
12 24 4565
1 24 7944
22 24 1479
10 24 7370
23 24 5784
2 24 6468
7 24 7689
11 24 766
4 24 6507
9 24 7826
5 24 4710
3 24 6137
15 24 4869
18 24 4976
7 25 9419
15 25 4009
9 25 8197
20 25 1481
8 25 6456
21 25 6308
0 25 1886
11 25 9918
4 25 3687
2 25 5357
16 25 2143
13 25 6232
19 25 8818
22 25 5264
5 25 9069
18 25 8684
19 26 5016
0 26 9027
25 26 123
7 26 9637
18 26 1522
23 26 2821
21 26 6549
20 26 355
16 26 4288
22 26 451
2 26 9434
5 26 8576
24 26 8768
9 26 5264
8 26 7480
14 26 9775
10 27 2661
4 27 7334
8 27 9813
5 27 5930
25 27 6587
26 27 5550
16 27 4384
24 27 964
22 27 1385
15 27 5097
9 27 2419
14 27 559
12 27 9186
6 27 8358
2 27 9043
23 27 5784
1 28 275
12 28 4739
18 28 4215
9 28 4211
15 28 7878
23 28 2636
10 28 4754
4 28 7771
2 28 5061
25 28 5403
17 28 6683
24 28 9217
7 28 4270
5 28 8057
27 28 2323
26 28 5881
1 29 6020
22 29 9123
9 29 7527
2 29 1536
25 29 4237
11 29 7658
15 29 542
13 29 5734
12 29 6639
0 29 8444
14 29 305
4 29 4101
5 29 1143
23 29 1503
26 29 9086
3 29 2589
29 30 7473
11 30 2903
7 30 5170
0 30 9168
6 30 6607
3 30 3356
8 30 9225
12 30 8307
5 30 2467
23 30 138
18 30 8566
9 30 789
14 30 4341
28 30 9204
22 30 2604
17 30 2474
19 31 4683
11 31 2262
9 31 4704
25 31 3926
4 31 1520
26 31 7543
5 31 8250
1 31 2461
12 31 7799
7 31 7688
20 31 5702
6 31 3052
10 31 4331
18 31 7618
27 31 1140
28 31 4020
24 32 1999
17 32 7623
6 32 8330
18 32 4546
12 32 8000
5 32 4733
9 32 4835
11 32 9483
27 32 1209
7 32 6102
31 32 8973
2 32 8719
1 32 74
0 32 2808
10 32 4413
19 32 6550
4 33 162
32 33 9430
2 33 4410
18 33 6599
11 33 2751
14 33 8341
10 33 7674
20 33 3423
3 33 2552
13 33 8211
19 33 3487
6 33 9368
24 33 3985
21 33 6783
12 33 9301
29 33 6263
5 34 793
20 34 4799
21 34 5886
6 34 5505
0 34 571
32 34 3197
33 34 7439
9 34 2769
17 34 7573
15 34 940
24 34 1039
11 34 731
1 34 7535
12 34 8878
30 34 6887
10 34 9908
10 35 3283
8 35 6519
12 35 3803
11 35 4788
13 35 7118
30 35 287
5 35 3346
7 35 9747
9 35 9298
25 35 818
14 35 6447
2 35 2037
15 35 1505
19 35 4805
17 35 1193
18 35 1490
15 36 9040
28 36 4828
11 36 724
10 36 2454
12 36 7296
18 36 7605
5 36 8527
29 36 9724
33 36 1808
32 36 4534
20 36 954
17 36 5310
16 36 5675
6 36 6441
4 36 6025
26 36 9399
4 37 2570
19 37 2332
35 37 4758
3 37 1430
0 37 2483
20 37 8445
10 37 9111
32 37 1827
16 37 435
5 37 6815
25 37 9251
15 37 2720
8 37 7916
12 37 5689
34 37 1332
29 37 9969
36 38 2011
7 38 9088
3 38 9450
8 38 6795
28 38 4266
1 38 1906
32 38 1045
17 38 954
30 38 6402
12 38 2655
37 38 3345
25 38 4475
11 38 9811
5 38 8254
20 38 5816
9 38 4573
6 39 8016
22 39 5519
7 39 8761
38 39 6530
12 39 6718
5 39 8072
25 39 1014
23 39 8770
15 39 9686
1 39 6400
37 39 5709
10 39 3520
2 39 2123
18 39 7638
16 39 7913
20 39 3831
18 40 7016
5 40 1363
35 40 6009
11 40 2793
15 40 6162
10 40 7393
0 40 909
14 40 8374
13 40 4030
7 40 858
12 40 7755
20 40 1767
1 40 6215
25 40 1794
26 40 3290
2 40 6465
0 41 921
35 41 9418
23 41 6502
5 41 7725
9 41 8801
4 41 6960
34 41 2839
15 41 1250
20 41 2374
18 41 2000
29 41 2656
6 41 4145
13 41 9450
19 41 3863
17 41 4600
8 41 3050
12 42 9257
5 42 8603
21 42 9353
10 42 7649
41 42 265
0 42 7936
1 42 3733
17 42 3024
6 42 1696
25 42 3300
13 42 3869
23 42 8523
29 42 22
14 42 1816
9 42 3235
31 42 9642
5 43 1803
8 43 5934
25 43 523
33 43 6248
12 43 3129
29 43 536
13 43 360
30 43 5798
20 43 7114
37 43 103
6 43 8379
16 43 1314
11 43 5998
26 43 6170
40 43 5167
36 43 1934
35 44 9293
37 44 9964
8 44 1917
14 44 5547
4 44 3444
5 44 7830
27 44 1832
17 44 5989
20 44 9647
36 44 2580
6 44 7968
23 44 5590
2 44 2486
26 44 4761
19 44 1032
18 44 5078
1 45 3218
21 45 9769
33 45 5747
14 45 7875
19 45 8488
25 45 4817
17 45 4736
11 45 3067
44 45 4211
12 45 805
4 45 1294
15 45 55
36 45 2424
22 45 7163
32 45 7030
40 45 3140
25 46 7911
36 46 2712
11 46 1426
24 46 1765
6 46 350
32 46 2269
41 46 4388
8 46 5249
4 46 4350
16 46 4078
19 46 2674
5 46 3801
3 46 3057
13 46 3456
38 46 1088
12 46 7923
3 47 878
39 47 7851
32 47 1082
46 47 7706
13 47 7079
10 47 7534
9 47 5565
12 47 5249
45 47 4279
23 47 4503
15 47 1228
40 47 4038
29 47 5210
42 47 1140
1 47 1820
14 47 7930
36 48 6286
2 48 3110
33 48 5422
1 48 9460
16 48 4558
18 48 9715
17 48 6450
21 48 8309
20 48 5883
14 48 7959
30 48 252
19 48 8179
7 48 9195
5 48 8560
32 48 6852
0 48 6037
25 49 6175
14 49 4050
28 49 3892
16 49 3540
11 49 5659
20 49 5034
9 49 6415
15 49 2455
24 49 3990
48 49 5723
43 49 1119
36 49 9744
10 49 2448
5 49 5403
0 49 8317
42 49 445
48 50 7981
3 50 8759
37 50 9549
2 50 5974
16 50 9589
0 50 747
36 50 5465
1 50 1563
9 50 2156
5 50 298
49 50 8467
10 50 8415
46 50 6809
41 50 1677
38 50 6591
24 50 566
1 51 4626
21 51 5789
42 51 9796
40 51 957
25 51 6369
4 51 1520
36 51 3840
5 51 3798
47 51 672
35 51 7944
20 51 6727
16 51 4495
6 51 3593
45 51 7791
28 51 5250
33 51 8491
8 52 4180
13 52 5101
25 52 6771
15 52 5873
4 52 4199
21 52 9995
9 52 3692
14 52 2055
12 52 4024
34 52 6602
16 52 2994
44 52 663
20 52 520
6 52 2595
2 52 7672
32 52 1438
50 53 7666
21 53 8393
0 53 5890
17 53 6131
41 53 5952
45 53 2565
31 53 7956
8 53 3984
2 53 7072
46 53 2780
13 53 5347
36 53 991
23 53 5583
6 53 3565
7 53 9335
5 53 9052
29 54 2340
5 54 4326
8 54 7927
14 54 7858
4 54 5146
12 54 4126
15 54 2127
25 54 698
17 54 1846
11 54 6996
28 54 2347
18 54 6143
27 54 5917
19 54 2865
33 54 4815
44 54 6897
17 55 1011
49 55 1595
0 55 3894
48 55 8433
15 55 7571
10 55 9899
7 55 5424
54 55 3177
11 55 9275
41 55 6356
8 55 5913
12 55 1275
24 55 518
25 55 5918
5 55 8522
35 55 4995
39 56 4068
51 56 2745
25 56 7003
3 56 6291
20 56 2251
33 56 1195
10 56 9817
30 56 2612
14 56 9892
34 56 3052
11 56 440
32 56 5205
27 56 708
21 56 851
24 56 3791
9 56 9031
23 57 3588
3 57 2970
29 57 6870
16 57 583
39 57 6976
32 57 2122
15 57 431
19 57 162
54 57 1320
1 57 3628
4 57 4801
12 57 3937
13 57 6808
45 57 1538
36 57 2769
14 57 7222
12 58 6223
5 58 220
35 58 9369
8 58 8011
37 58 9079
39 58 5040
29 58 4154
55 58 2303
17 58 925
2 58 1030
3 58 8356
46 58 8634
15 58 5277
48 58 8317
11 58 3521
16 58 3692
7 59 6643
28 59 689
4 59 1509
9 59 4883
10 59 7115
39 59 1666
35 59 5157
16 59 9491
23 59 5470
19 59 3324
42 59 9625
30 59 1472
18 59 7981
12 59 3843
25 59 1228
11 59 9857
0 60 9557
10 60 9663
2 60 8769
54 60 8164
41 60 6054
16 60 226
14 60 89
30 60 7771
55 60 8113
37 60 1025
56 60 8987
20 60 6050
33 60 574
23 60 822
53 60 8274
35 60 5477
32 61 2928
45 61 5203
51 61 2901
8 61 6628
20 61 5032
12 61 3610
11 61 2795
0 61 2026
19 61 9866
16 61 6957
5 61 8128
14 61 9229
52 61 1856
2 61 9948
18 61 8583
44 61 9023
4 62 268
0 62 4317
11 62 2261
53 62 6512
19 62 8289
42 62 2959
33 62 5729
27 62 1966
5 62 6338
32 62 5737
16 62 5078
61 62 5365
45 62 8380
52 62 1559
6 62 4718
14 62 7045
24 63 3258
1 63 7068
33 63 2859
27 63 4490
57 63 6890
42 63 6766
19 63 2544
32 63 3293
29 63 7863
0 63 9468
16 63 6152
10 63 8307
17 63 488
28 63 5432
18 63 6184
43 63 7006
18 64 5598
60 64 8887
50 64 9449
7 64 7296
8 64 9579
9 64 7043
4 64 252
47 64 2283
14 64 9899
19 64 7599
29 64 5227
51 64 7010
21 64 6560
44 64 2817
25 64 3845
34 64 5046
12 65 948
5 65 8401
32 65 9252
18 65 3347
2 65 9784
19 65 4570
37 65 1982
14 65 7664
9 65 6714
6 65 7668
22 65 3433
31 65 3076
20 65 8115
10 65 1454
23 65 5588
62 65 7488
42 66 6483
56 66 1486
30 66 1205
29 66 214
13 66 9068
1 66 1850
6 66 8264
45 66 7439
18 66 2558
46 66 114
33 66 9772
55 66 4853
65 66 4296
2 66 240
37 66 7404
24 66 5035
6 67 2932
8 67 1955
42 67 9152
60 67 7961
2 67 7926
30 67 9429
46 67 6590
55 67 6988
61 67 3092
43 67 7535
19 67 8270
23 67 610
9 67 1574
54 67 4886
22 67 506
49 67 5185
35 68 6118
6 68 7929
18 68 5034
34 68 8601
27 68 2950
3 68 4979
54 68 7371
0 68 9636
44 68 7392
57 68 1401
16 68 8352
8 68 612
15 68 2004
52 68 6883
11 68 316
37 68 9483
10 69 1017
37 69 4022
14 69 2318
34 69 8925
15 69 7994
0 69 114
46 69 1484
56 69 8327
52 69 9929
11 69 9648
30 69 9736
53 69 2137
35 69 3726
68 69 1149
24 69 1119
8 69 5925
10 70 4994
34 70 6013
32 70 3016
35 70 6902
51 70 38
37 70 863
42 70 5241
29 70 5914
18 70 6464
21 70 5667
0 70 5385
15 70 9372
7 70 4203
16 70 7495
20 70 9658
13 70 808
59 71 9806
29 71 3784
12 71 8552
4 71 3756
9 71 9498
56 71 5184
8 71 8544
22 71 3185
18 71 6153
1 71 5968
21 71 7067
36 71 9429
3 71 6662
13 71 8586
23 71 5128
19 71 9917
69 72 6602
40 72 6470
17 72 8961
58 72 8634
52 72 9018
6 72 903
11 72 1289
1 72 9410
28 72 5908
22 72 4327
0 72 4314
55 72 3583
44 72 5704
45 72 962
5 72 4600
51 72 7572
19 73 6389
15 73 5114
51 73 7033
6 73 3531
54 73 350
14 73 9559
8 73 7960
21 73 6285
44 73 9308
2 73 9719
5 73 6436
28 73 368
11 73 6444
17 73 4192
33 73 2631
12 73 145
35 74 2531
0 74 5486
36 74 9398
59 74 6782
55 74 607
30 74 9083
34 74 2838
33 74 9917
1 74 830
14 74 9966
18 74 1594
37 74 1235
3 74 4575
29 74 3784
56 74 2118
9 74 967
12 75 2483
44 75 7845
7 75 7531
3 75 3789
45 75 8787
20 75 2432
5 75 7308
0 75 7871
33 75 7775
9 75 35
48 75 7402
17 75 4764
59 75 5044
29 75 7834
43 75 3212
24 75 3752
61 76 9179
6 76 7073
35 76 6412
11 76 9100
37 76 3390
3 76 507
45 76 9536
19 76 5460
53 76 8843
68 76 3236
2 76 8341
71 76 7718
23 76 1361
5 76 48
8 76 7824
18 76 172
36 77 1933
0 77 1552
15 77 5507
5 77 7610
14 77 4783
28 77 1042
55 77 3208
62 77 237
4 77 7048
50 77 8475
42 77 6275
66 77 9714
52 77 8615
10 77 8956
61 77 1612
46 77 7244
18 78 2808
13 78 1154
44 78 4479
16 78 9865
40 78 7888
53 78 9452
5 78 7165
66 78 6000
50 78 4271
27 78 2830
15 78 8802
38 78 9851
22 78 7258
54 78 7130
45 78 1807
68 78 5948
16 79 9912
3 79 9838
31 79 4050
45 79 687
64 79 4347
53 79 6675
42 79 8700
40 79 791
35 79 9942
37 79 6878
2 79 100
56 79 1823
77 79 3418
1 79 8609
20 79 6072
0 79 4358
