150 1722
0 1 2412
0 2 3856
1 2 8323
0 3 2824
1 3 4795
2 3 941
0 4 3078
1 4 5880
2 4 1383
3 4 1048
0 5 9379
1 5 1234
2 5 4483
3 5 5975
4 5 9820
0 6 2777
1 6 6156
2 6 7183
3 6 1210
4 6 2057
5 6 3119
0 7 1867
1 7 4182
2 7 2763
3 7 283
4 7 4497
5 7 3633
6 7 9416
0 8 9663
1 8 4120
2 8 9427
3 8 4739
4 8 8030
5 8 3388
6 8 1640
7 8 4841
0 9 1045
1 9 953
2 9 9392
3 9 7583
4 9 9811
5 9 5901
6 9 8944
7 9 1076
8 9 262
0 10 478
1 10 1703
2 10 4376
3 10 8656
4 10 3493
5 10 4623
6 10 1400
7 10 2236
8 10 2581
9 10 9475
0 11 9386
1 11 9412
2 11 444
3 11 2154
4 11 6097
5 11 3645
6 11 6304
7 11 5391
8 11 4523
9 11 3244
10 11 5069
0 12 5505
1 12 9855
2 12 9781
3 12 5112
4 12 6173
5 12 4158
6 12 7671
7 12 3668
8 12 9693
9 12 2126
10 12 8662
11 12 2958
2 13 3071
9 13 338
0 13 171
4 13 7632
10 13 4652
8 13 197
3 13 3589
1 13 4981
6 13 9
11 13 6766
5 13 6916
7 13 6020
2 14 6463
6 14 1781
9 14 3731
8 14 8335
0 14 6530
1 14 8859
10 14 3
4 14 5970
12 14 7150
7 14 4789
3 14 2772
11 14 9132
7 15 266
12 15 655
1 15 1089
4 15 446
6 15 5304
0 15 7858
10 15 1710
8 15 4885
11 15 5713
9 15 5423
14 15 2546
5 15 4295
14 16 1061
8 16 3536
13 16 6623
3 16 4355
10 16 257
7 16 3799
1 16 5940
9 16 438
11 16 8359
12 16 2936
2 16 7239
4 16 9338
2 17 8931
16 17 3215
0 17 5037
13 17 5172
1 17 1750
11 17 4296
14 17 2492
8 17 1906
4 17 9617
12 17 1131
7 17 8997
6 17 1853
12 18 9063
17 18 6923
11 18 6440
2 18 7299
5 18 4207
6 18 208
13 18 4129
3 18 6892
15 18 3185
7 18 1284
9 18 7306
1 18 3156
16 19 3244
2 19 7279
4 19 6253
11 19 4752
14 19 6180
10 19 7208
13 19 4159
17 19 9972
12 19 8313
3 19 1378
7 19 5203
1 19 8054
6 20 6001
4 20 3408
11 20 3939
18 20 6480
10 20 8293
5 20 8710
1 20 3915
2 20 2528
12 20 7327
15 20 8380
8 20 4884
17 20 8682
0 21 1201
15 21 7881
17 21 1954
16 21 6876
9 21 3330
14 21 4361
6 21 7428
8 21 7316
7 21 9874
5 21 8482
11 21 193
12 21 3538
12 22 1889
7 22 3344
18 22 8472
15 22 6554
19 22 5634
11 22 3557
9 22 4370
14 22 9883
17 22 2739
0 22 3389
4 22 4311
5 22 2249
18 23 4359
22 23 6355
6 23 4903
5 23 9102
4 23 7664
1 23 1715
7 23 1468
10 23 218
13 23 5640
15 23 5150
19 23 6484
14 23 2608
16 24 2362
8 24 1081
7 24 8662
14 24 2124
11 24 9193
9 24 2230
22 24 3010
18 24 4081
1 24 9019
5 24 3848
3 24 8883
15 24 3007
13 25 5935
10 25 198
18 25 4155
22 25 7735
16 25 1422
24 25 7557
12 25 7329
23 25 3772
8 25 9873
11 25 6986
7 25 2969
17 25 2648
4 26 4551
9 26 1492
12 26 8850
22 26 9571
0 26 3317
3 26 9510
1 26 7305
25 26 8530
11 26 4763
15 26 1511
2 26 8187
8 26 9624
3 27 966
9 27 3646
2 27 9241
7 27 6755
26 27 5681
1 27 8853
25 27 8592
24 27 7199
18 27 4898
10 27 6762
0 27 4686
4 27 3030
25 28 2323
16 28 4237
3 28 4985
11 28 3967
23 28 8576
24 28 9104
26 28 9102
18 28 7062
1 28 700
7 28 7447
17 28 6134
10 28 3248
23 29 3658
24 29 761
26 29 9333
4 29 1818
14 29 6908
5 29 5755
11 29 8438
15 29 2001
25 29 8142
1 29 7656
2 29 3800
6 29 5671
26 30 3069
5 30 7714
16 30 4057
18 30 3438
3 30 655
1 30 2114
12 30 2398
9 30 9652
6 30 1345
15 30 5235
22 30 2320
0 30 1366
25 31 8809
13 31 5592
3 31 9673
4 31 1656
6 31 108
8 31 8472
14 31 6442
1 31 2390
29 31 3171
15 31 2660
0 31 4763
9 31 4344
0 32 2522
4 32 4864
1 32 200
5 32 8692
31 32 5759
18 32 6048
14 32 883
12 32 5794
20 32 3948
26 32 9758
8 32 7632
11 32 6620
11 33 9758
1 33 7366
15 33 1051
14 33 9199
31 33 349
28 33 8337
27 33 1719
32 33 4889
10 33 886
18 33 4461
22 33 7396
5 33 9282
3 34 7343
9 34 1113
15 34 7539
20 34 5587
16 34 8519
13 34 7560
14 34 2448
10 34 6679
33 34 3476
8 34 3150
4 34 7444
26 34 4888
3 35 5153
34 35 7327
32 35 2897
22 35 4115
14 35 3599
26 35 4037
25 35 7487
1 35 305
18 35 5057
9 35 7631
23 35 4582
28 35 8360
5 36 435
23 36 4184
14 36 7619
7 36 8242
4 36 2967
22 36 9895
30 36 4006
15 36 385
13 36 5779
26 36 2132
19 36 5441
6 36 4966
20 37 8373
27 37 9212
15 37 4618
28 37 8923
25 37 9304
2 37 1901
17 37 8314
9 37 1579
19 37 4331
8 37 4484
26 37 768
24 37 1145
7 38 4531
6 38 1578
26 38 6640
4 38 1105
21 38 70
11 38 3042
12 38 2271
29 38 9551
5 38 3570
8 38 2057
17 38 4087
18 38 8539
18 39 3355
37 39 1882
9 39 7531
15 39 3702
0 39 1115
3 39 8699
8 39 1267
7 39 3318
1 39 4845
4 39 5033
28 39 2567
31 39 1698
0 40 6093
3 40 4639
25 40 9726
11 40 7164
8 40 6409
17 40 5140
1 40 1107
12 40 2828
4 40 6983
18 40 3931
13 40 5701
39 40 1306
39 41 2476
3 41 2597
24 41 216
16 41 867
22 41 906
14 41 7282
9 41 7834
8 41 4748
35 41 4763
18 41 9095
23 41 3319
10 41 8429
37 42 9560
36 42 5733
9 42 8213
5 42 7077
34 42 4691
21 42 9521
16 42 6538
0 42 9021
27 42 2836
3 42 6472
25 42 5435
13 42 5224
12 43 6480
40 43 2619
33 43 13
41 43 2700
9 43 4833
0 43 245
11 43 7812
3 43 5721
6 43 3527
10 43 5401
35 43 9567
25 43 9500
18 44 9967
22 44 343
33 44 4523
16 44 7025
12 44 2131
39 44 5777
26 44 7669
24 44 3119
41 44 4084
34 44 8417
5 44 3273
11 44 1472
1 45 7366
25 45 689
18 45 2922
34 45 6741
11 45 7574
24 45 8034
36 45 4647
20 45 3019
14 45 281
4 45 1295
43 45 2173
3 45 267
11 46 6485
38 46 5886
30 46 5222
14 46 3703
1 46 3656
8 46 9571
10 46 7343
37 46 9955
41 46 2189
13 46 5039
21 46 2682
22 46 9106
22 47 143
16 47 8687
4 47 477
37 47 2886
35 47 2703
19 47 5396
8 47 794
3 47 45
30 47 4229
2 47 3544
24 47 3547
1 47 1708
40 48 3943
3 48 1538
19 48 4938
7 48 8999
5 48 2134
34 48 682
22 48 5777
25 48 9961
12 48 6574
23 48 5132
8 48 8165
17 48 7012
4 49 6530
34 49 7360
25 49 6252
9 49 807
7 49 6300
38 49 9484
6 49 8154
19 49 5057
14 49 7355
30 49 801
18 49 4265
11 49 2446
12 50 8508
29 50 5075
28 50 9309
4 50 8394
11 50 7397
8 50 3175
47 50 2723
14 50 2024
38 50 3118
22 50 7157
31 50 9542
41 50 5790
34 51 7412
38 51 5217
45 51 7356
16 51 3308
3 51 5386
1 51 107
23 51 7726
29 51 422
25 51 2058
43 51 4593
32 51 5307
4 51 773
31 52 4129
4 52 4962
9 52 266
19 52 906
25 52 696
24 52 1856
15 52 7375
40 52 4027
7 52 1754
29 52 196
30 52 8739
27 52 6266
4 53 5621
3 53 906
24 53 4597
46 53 7564
38 53 9145
51 53 5429
12 53 2099
6 53 2425
14 53 5152
32 53 2923
47 53 3188
10 53 8234
15 54 1854
6 54 6375
8 54 4780
53 54 3589
9 54 5076
20 54 7175
28 54 4725
36 54 4183
29 54 1727
26 54 8351
2 54 4402
46 54 9211
4 55 1361
8 55 6483
39 55 3798
18 55 1375
0 55 8545
6 55 2636
11 55 9810
26 55 2345
52 55 7265
41 55 890
1 55 944
14 55 2886
31 56 5192
34 56 1072
3 56 9565
43 56 4813
46 56 7390
18 56 2108
9 56 8450
26 56 1389
41 56 7204
1 56 2372
19 56 5734
39 56 419
10 57 8469
36 57 5456
5 57 1523
32 57 2898
13 57 7563
22 57 3322
8 57 4082
16 57 4346
11 57 6714
3 57 4840
4 57 7460
12 57 8702
29 58 5267
47 58 6232
32 58 2759
0 58 9337
43 58 8191
21 58 4722
33 58 7169
18 58 284
19 58 3357
22 58 4876
6 58 8354
34 58 8904
31 59 1951
7 59 225
9 59 6996
24 59 8481
2 59 4109
56 59 9114
8 59 5823
0 59 9082
3 59 6572
32 59 5973
11 59 6592
17 59 4549
26 60 1932
15 60 8431
41 60 6936
16 60 4366
19 60 7577
22 60 8752
21 60 6206
7 60 7032
3 60 5258
6 60 4634
29 60 6896
14 60 4125
29 61 4845
16 61 6408
17 61 7602
9 61 1508
13 61 7225
43 61 4532
24 61 4339
59 61 2256
2 61 242
44 61 9418
0 61 3648
21 61 1930
24 62 5991
61 62 1348
46 62 1178
12 62 3524
44 62 8804
59 62 539
6 62 3975
4 62 3587
25 62 6586
18 62 3343
7 62 890
36 62 1610
6 63 4994
0 63 3236
18 63 6969
1 63 6493
2 63 4058
12 63 9674
21 63 5761
39 63 8065
28 63 8042
50 63 9423
33 63 7419
58 63 5238
15 64 4743
2 64 3844
38 64 7052
42 64 723
30 64 8790
1 64 1521
47 64 197
4 64 3340
10 64 8422
48 64 964
40 64 4685
50 64 7019
34 65 9090
7 65 9052
13 65 63
33 65 1079
48 65 9282
26 65 9778
10 65 1746
9 65 2196
21 65 6901
18 65 2111
42 65 7995
2 65 2651
47 66 5062
16 66 1566
63 66 9919
6 66 5228
1 66 1551
2 66 5902
14 66 4098
18 66 2134
41 66 4297
0 66 25
27 66 4819
5 66 5939
16 67 8370
2 67 8170
8 67 2771
1 67 3473
21 67 1729
9 67 1234
62 67 6998
27 67 2514
6 67 4708
26 67 9939
60 67 4317
3 67 2598
57 68 6091
45 68 7830
13 68 2868
55 68 1034
62 68 6113
36 68 7073
23 68 9789
32 68 2604
56 68 7653
7 68 8446
47 68 171
14 68 410
22 69 1735
32 69 32
61 69 7849
7 69 8270
37 69 599
8 69 7525
57 69 7652
16 69 5755
44 69 6846
47 69 7552
15 69 7283
35 69 2570
57 70 2410
0 70 8906
43 70 8458
30 70 2996
20 70 6476
59 70 2434
1 70 1291
68 70 4841
23 70 8368
31 70 9064
9 70 5427
60 70 6248
42 71 1105
18 71 557
21 71 3415
20 71 575
3 71 7424
8 71 3244
29 71 4605
9 71 3947
15 71 6229
14 71 7783
66 71 2697
70 71 2791
14 72 8046
46 72 6097
3 72 771
49 72 3574
65 72 4262
16 72 9584
27 72 1209
11 72 6584
43 72 2752
7 72 4640
36 72 5169
26 72 1367
47 73 4746
50 73 5257
48 73 9074
25 73 2582
7 73 2500
10 73 7826
18 73 2783
46 73 5822
52 73 405
24 73 427
71 73 8220
12 73 3602
19 74 6505
61 74 9588
59 74 4920
9 74 2867
3 74 8231
6 74 4626
38 74 2137
12 74 3457
50 74 808
18 74 5830
24 74 6779
73 74 9882
5 75 1917
23 75 6412
31 75 8570
57 75 6562
68 75 5788
37 75 8611
51 75 2380
10 75 9619
12 75 4635
26 75 5490
24 75 7046
22 75 4202
35 76 5360
51 76 6105
58 76 1261
40 76 9403
48 76 3241
25 76 7006
62 76 9269
33 76 4319
29 76 8974
9 76 7257
7 76 8277
15 76 9283
4 77 2294
31 77 3255
9 77 1210
66 77 413
47 77 665
26 77 8249
67 77 9369
14 77 6336
35 77 1897
11 77 4292
12 77 5722
1 77 1013
7 78 7870
52 78 3129
11 78 2957
38 78 6914
36 78 9748
5 78 9316
21 78 4905
51 78 8650
32 78 4434
58 78 1873
10 78 6836
44 78 5999
48 79 82
3 79 7756
62 79 3444
17 79 4407
6 79 8740
19 79 3981
69 79 7074
37 79 553
1 79 497
11 79 2928
0 79 6705
5 79 230
30 80 7421
0 80 3018
27 80 1221
9 80 8689
46 80 8410
73 80 109
21 80 3360
11 80 6026
37 80 2320
39 80 3622
25 80 6601
16 80 4873
70 81 1730
50 81 9027
36 81 375
8 81 464
25 81 8721
9 81 5063
23 81 2019
62 81 387
27 81 356
61 81 9517
26 81 6596
69 81 5039
8 82 7681
79 82 8505
54 82 4685
6 82 7428
3 82 5735
58 82 3013
2 82 3497
23 82 2740
9 82 8724
33 82 6413
22 82 1645
61 82 7960
37 83 1959
20 83 1400
1 83 8816
38 83 6341
22 83 1419
24 83 313
45 83 9098
44 83 2500
76 83 1251
18 83 1745
70 83 7361
4 83 8729
71 84 5328
75 84 5335
28 84 9561
48 84 4186
5 84 48
17 84 355
15 84 9240
0 84 6363
33 84 4875
43 84 8766
41 84 2326
70 84 7800
20 85 7177
32 85 90
11 85 4865
26 85 5269
75 85 2671
1 85 8901
9 85 7819
8 85 9333
2 85 9332
81 85 2078
14 85 6326
21 85 6846
42 86 5664
55 86 2685
11 86 9394
1 86 6048
67 86 7027
0 86 8261
6 86 6078
72 86 7144
18 86 2439
70 86 676
48 86 212
12 86 2059
37 87 7089
3 87 8945
85 87 2184
30 87 5638
55 87 4640
84 87 1656
12 87 765
72 87 3376
9 87 5847
45 87 7162
86 87 2007
61 87 5771
67 88 6337
17 88 5275
3 88 9958
15 88 9959
26 88 3491
58 88 6295
75 88 7025
60 88 8362
71 88 7207
10 88 9979
83 88 5468
64 88 5129
47 89 8824
18 89 8327
0 89 6562
29 89 1988
19 89 1946
2 89 2248
14 89 2872
73 89 549
67 89 2193
1 89 1318
53 89 7644
25 89 8306
32 90 6939
37 90 9832
34 90 5607
73 90 3369
12 90 1985
61 90 5101
3 90 7104
45 90 9781
1 90 8577
56 90 5638
25 90 8464
7 90 7945
12 91 8925
8 91 9485
70 91 1338
84 91 5267
9 91 3085
36 91 3885
4 91 3577
25 91 6703
47 91 279
34 91 7670
52 91 3676
38 91 6880
4 92 9679
53 92 7282
54 92 2455
8 92 3993
24 92 4855
1 92 7600
9 92 7747
14 92 7666
78 92 8248
31 92 2867
12 92 8619
47 92 6693
6 93 9912
5 93 4732
7 93 2726
68 93 1343
63 93 9373
14 93 8907
10 93 2688
18 93 3929
27 93 596
16 93 3757
9 93 5609
22 93 2813
90 94 8489
63 94 4897
46 94 95
6 94 4069
12 94 3167
83 94 9144
36 94 7779
24 94 3025
4 94 5021
77 94 3174
22 94 7512
13 94 5474
21 95 1635
3 95 9815
49 95 780
73 95 2704
16 95 7552
34 95 1866
76 95 7214
9 95 856
4 95 7081
29 95 2049
25 95 720
69 95 3162
89 96 1467
25 96 7005
52 96 7197
28 96 1361
50 96 5631
6 96 9378
5 96 9364
86 96 9315
53 96 4104
27 96 9521
34 96 6611
31 96 3694
25 97 5983
36 97 4998
63 97 522
49 97 7919
90 97 93
14 97 6142
39 97 1157
3 97 4606
12 97 980
33 97 8242
50 97 9164
7 97 7371
62 98 8652
11 98 9627
12 98 3235
13 98 553
0 98 6753
25 98 6651
19 98 4105
38 98 331
80 98 8338
86 98 3425
81 98 3870
88 98 9671
9 99 2161
3 99 5408
36 99 5151
40 99 115
72 99 4863
60 99 6966
37 99 1160
82 99 4546
18 99 7807
26 99 439
5 99 5777
94 99 1572
48 100 652
45 100 5543
9 100 3562
50 100 891
16 100 2119
82 100 5725
6 100 8049
68 100 8130
77 100 6321
60 100 8
13 100 4131
83 100 1590
20 101 6869
33 101 9106
66 101 1820
9 101 520
68 101 8354
37 101 913
6 101 955
28 101 333
15 101 3491
7 101 5614
87 101 7033
3 101 6573
3 102 9531
17 102 4931
22 102 1351
71 102 749
19 102 4006
14 102 5389
35 102 2870
73 102 9144
2 102 2539
44 102 3616
13 102 3767
9 102 4780
22 103 6168
69 103 654
49 103 3257
13 103 5953
84 103 5467
88 103 7924
12 103 7919
41 103 4575
8 103 1408
15 103 6061
56 103 3187
62 103 4757
30 104 5804
74 104 2787
34 104 9702
18 104 4304
49 104 7260
96 104 2808
63 104 3350
59 104 4753
56 104 5440
52 104 8853
17 104 4689
57 104 3270
15 105 4910
6 105 3828
61 105 3227
97 105 3230
1 105 6641
3 105 7243
18 105 6386
35 105 641
47 105 2886
8 105 9868
5 105 83
49 105 9138
18 106 9531
39 106 6056
37 106 6553
22 106 7481
9 106 4057
2 106 228
50 106 2570
49 106 4574
56 106 6163
48 106 4765
41 106 6862
10 106 1558
1 107 3957
67 107 8098
26 107 7972
97 107 7225
14 107 5217
6 107 7191
90 107 84
35 107 4777
36 107 4483
100 107 3568
69 107 9961
25 107 5151
33 108 3555
57 108 1713
26 108 7414
75 108 8383
8 108 2225
43 108 8472
36 108 7411
29 108 934
11 108 3470
42 108 1258
9 108 4641
17 108 8009
108 109 7245
5 109 7310
3 109 6468
9 109 5782
29 109 9713
65 109 9981
31 109 4337
18 109 1058
49 109 7376
12 109 476
16 109 2888
74 109 9904
30 110 2929
53 110 62
60 110 9557
25 110 5378
15 110 7219
12 110 5773
28 110 9267
10 110 5112
5 110 9013
38 110 542
61 110 2007
24 110 9833
81 111 2688
7 111 5655
70 111 1098
44 111 3415
84 111 8224
27 111 981
71 111 9944
3 111 8073
19 111 2499
104 111 272
92 111 1763
30 111 8158
82 112 7441
4 112 1201
74 112 8742
57 112 7321
25 112 7543
9 112 4623
34 112 951
22 112 3069
83 112 9754
55 112 9311
15 112 3517
26 112 4699
25 113 4329
102 113 4431
77 113 2987
14 113 1097
18 113 7006
51 113 5828
24 113 9108
32 113 1471
110 113 9206
41 113 2764
2 113 2293
21 113 8297
92 114 5880
12 114 1769
59 114 4322
77 114 4138
64 114 2013
57 114 8328
96 114 6471
30 114 5277
3 114 6368
42 114 9094
39 114 9963
17 114 4418
46 115 4108
110 115 4503
6 115 9738
35 115 1803
10 115 1031
108 115 5059
68 115 265
75 115 6252
7 115 2812
111 115 999
104 115 8028
1 115 7048
50 116 2955
22 116 5026
97 116 1070
6 116 9352
16 116 3748
25 116 35
21 116 6795
29 116 4820
114 116 2669
102 116 223
54 116 5471
17 116 5400
0 117 9985
8 117 4415
7 117 5404
13 117 7751
29 117 4754
6 117 1555
81 117 2778
18 117 8305
74 117 6237
70 117 8161
92 117 3755
46 117 4505
34 118 1628
38 118 7277
37 118 2295
14 118 7296
19 118 278
26 118 2350
32 118 7220
24 118 5921
6 118 9323
51 118 1087
92 118 9180
18 118 4531
102 119 8836
112 119 2716
17 119 3579
40 119 6675
54 119 499
7 119 123
11 119 7193
72 119 9915
52 119 4907
43 119 2650
21 119 2788
1 119 6106
86 120 9355
24 120 7323
41 120 6544
6 120 2793
85 120 8563
23 120 5353
33 120 9828
102 120 1633
99 120 4467
49 120 5515
64 120 6003
17 120 6059
43 121 843
62 121 8881
7 121 6837
92 121 8746
63 121 5248
14 121 2035
86 121 6979
87 121 6537
19 121 6716
33 121 4964
13 121 8819
94 121 5723
0 122 301
7 122 9289
4 122 3908
12 122 9780
42 122 2274
79 122 5770
86 122 4536
18 122 9784
38 122 8027
22 122 464
50 122 7818
112 122 7889
12 123 9089
86 123 5877
59 123 1358
9 123 109
17 123 6211
77 123 698
41 123 3891
102 123 5200
83 123 3801
14 123 7571
78 123 9404
112 123 9607
119 124 5823
25 124 5082
122 124 1232
120 124 6419
26 124 8819
28 124 1172
11 124 7498
56 124 3072
34 124 8042
38 124 8826
84 124 9890
47 124 2566
51 125 9113
17 125 5067
84 125 5064
114 125 8969
12 125 3962
3 125 1470
118 125 7890
18 125 8764
122 125 4673
63 125 7926
38 125 3181
99 125 8426
13 126 5397
26 126 6342
43 126 9778
14 126 6414
5 126 5077
7 126 6663
52 126 7213
114 126 1610
36 126 7779
8 126 285
75 126 1302
25 126 3453
10 127 5468
8 127 9865
76 127 3028
66 127 3974
27 127 6086
3 127 7167
31 127 6016
0 127 2191
12 127 1162
18 127 661
24 127 2177
1 127 2139
66 128 8574
51 128 4753
84 128 5736
97 128 6356
3 128 2358
12 128 9177
82 128 4265
58 128 285
32 128 4662
5 128 5188
46 128 3217
99 128 2362
109 129 2583
45 129 2491
30 129 8497
14 129 8324
11 129 7012
96 129 518
41 129 4370
60 129 4977
103 129 4356
52 129 7165
81 129 4242
51 129 9173
26 130 2882
126 130 248
119 130 6347
23 130 7879
8 130 6530
58 130 4439
96 130 5316
92 130 9082
91 130 6326
72 130 6916
31 130 2464
63 130 9677
1 131 7833
117 131 9256
46 131 6486
30 131 479
36 131 96
73 131 23
12 131 521
96 131 8815
52 131 65
54 131 5763
43 131 6931
14 131 3630
18 132 8004
66 132 4767
131 132 719
119 132 746
1 132 5056
2 132 5923
27 132 9903
85 132 2687
25 132 3774
71 132 6109
81 132 4714
12 132 4927
9 133 5841
33 133 5760
2 133 823
3 133 6988
5 133 6900
86 133 3706
12 133 4058
13 133 5504
4 133 7143
10 133 3630
74 133 6912
44 133 2142
17 134 9772
108 134 7971
9 134 2779
11 134 6043
83 134 558
43 134 5205
14 134 844
113 134 3565
101 134 1714
37 134 4060
12 134 559
32 134 489
71 135 3971
45 135 6671
53 135 7576
20 135 1770
15 135 2222
12 135 5059
111 135 1926
22 135 5583
1 135 6224
83 135 2899
122 135 6944
11 135 9596
133 136 6227
6 136 9335
100 136 7404
99 136 5998
13 136 2200
55 136 6409
93 136 406
49 136 6364
22 136 7636
24 136 330
132 136 4124
16 136 6612
44 137 8842
92 137 3925
113 137 4044
12 137 5688
68 137 7018
7 137 2078
17 137 7999
55 137 9951
101 137 1267
6 137 881
42 137 175
23 137 7192
14 138 3781
47 138 6247
53 138 5075
133 138 2607
114 138 8233
77 138 9557
11 138 643
64 138 8805
39 138 6469
6 138 3265
73 138 1928
26 138 6194
80 139 7917
55 139 2521
107 139 6717
58 139 6667
81 139 9149
63 139 4161
24 139 6902
79 139 5398
59 139 6541
62 139 5605
4 139 106
37 139 6773
108 140 9679
60 140 2414
77 140 1864
59 140 4891
26 140 8580
47 140 1375
13 140 5830
55 140 820
42 140 4044
95 140 7769
45 140 7324
32 140 6694
84 141 621
72 141 6243
11 141 2759
56 141 28
4 141 2246
12 141 7381
132 141 1758
101 141 9803
0 141 5400
39 141 5964
75 141 197
112 141 899
9 142 9570
62 142 7788
38 142 2115
70 142 8257
88 142 5814
105 142 4793
26 142 2132
87 142 1587
85 142 2383
6 142 8179
19 142 337
28 142 2619
33 143 4290
12 143 639
104 143 6082
13 143 2204
55 143 179
79 143 1027
1 143 4286
47 143 7088
78 143 5609
102 143 8179
140 143 1723
22 143 4221
13 144 1566
131 144 3708
34 144 549
35 144 1125
130 144 45
66 144 199
128 144 1647
62 144 1785
91 144 6352
71 144 6646
133 144 232
46 144 4845
6 145 1089
107 145 9693
51 145 3169
66 145 9911
18 145 560
11 145 4289
65 145 4159
34 145 1606
55 145 5489
52 145 3970
3 145 3440
9 145 4347
39 146 1970
70 146 8316
55 146 3786
3 146 5237
91 146 1575
22 146 8561
8 146 5799
63 146 3592
21 146 3904
5 146 4817
120 146 9298
127 146 4806
30 147 1059
81 147 6978
21 147 7659
8 147 48
13 147 4299
117 147 8072
88 147 1630
4 147 7856
63 147 3275
80 147 3645
3 147 1917
5 147 1849
110 148 3703
83 148 7555
81 148 1513
88 148 8280
12 148 7850
90 148 559
1 148 8398
6 148 665
18 148 7334
24 148 6962
25 148 3872
0 148 2212
41 149 3680
22 149 7745
59 149 3526
96 149 9013
29 149 7203
135 149 3718
21 149 7562
7 149 2618
130 149 5168
19 149 3818
60 149 8620
95 149 7765
