80 1207
0 1 2091
0 2 3487
1 2 7817
0 3 4129
1 3 1621
2 3 4561
0 4 5647
1 4 6436
2 4 5644
3 4 8959
0 5 5476
1 5 115
2 5 6211
3 5 470
4 5 8591
0 6 3728
1 6 678
2 6 3872
3 6 5996
4 6 2545
5 6 6028
0 7 8800
1 7 4485
2 7 7957
3 7 8902
4 7 1801
5 7 499
6 7 1272
0 8 3102
1 8 4404
2 8 956
3 8 2928
4 8 5135
5 8 8479
6 8 1748
7 8 8168
0 9 575
1 9 7136
2 9 8242
3 9 3971
4 9 7838
5 9 603
6 9 7253
7 9 8093
8 9 3507
0 10 2294
1 10 774
2 10 7676
3 10 4232
4 10 4868
5 10 1323
6 10 6313
7 10 2676
8 10 8020
9 10 2642
0 11 3991
1 11 6601
2 11 5885
3 11 4865
4 11 8767
5 11 803
6 11 3243
7 11 3472
8 11 5794
9 11 1809
10 11 5708
0 12 2007
1 12 6691
2 12 7228
3 12 6685
4 12 2887
5 12 293
6 12 8591
7 12 50
8 12 489
9 12 504
10 12 2471
11 12 2735
0 13 3200
1 13 7134
2 13 9751
3 13 8861
4 13 3757
5 13 576
6 13 6262
7 13 4889
8 13 9147
9 13 4180
10 13 9363
11 13 766
12 13 8271
0 14 9145
1 14 4827
2 14 5917
3 14 9980
4 14 7013
5 14 8035
6 14 6822
7 14 4718
8 14 5810
9 14 2047
10 14 4140
11 14 7125
12 14 425
13 14 3807
0 15 4545
1 15 5232
2 15 8034
3 15 6109
4 15 3646
5 15 1488
6 15 5213
7 15 5737
8 15 9826
9 15 1663
10 15 205
11 15 4132
12 15 7589
13 15 1452
14 15 6767
0 16 3102
1 16 1504
2 16 2787
3 16 3953
4 16 9110
5 16 9692
6 16 5664
7 16 3153
8 16 7416
9 16 7051
10 16 8437
11 16 7639
12 16 5189
13 16 8371
14 16 1796
15 16 6351
0 17 9056
1 17 7723
2 17 1625
3 17 8367
4 17 4762
5 17 8108
6 17 1148
7 17 6774
8 17 8428
9 17 2694
10 17 7834
11 17 8895
12 17 4937
13 17 5486
14 17 9292
15 17 2541
16 17 2154
7 18 4481
11 18 2244
3 18 7131
9 18 3371
1 18 3207
17 18 1772
2 18 231
5 18 7058
16 18 1248
12 18 6410
14 18 6753
15 18 2205
0 18 5622
4 18 4603
10 18 3309
6 18 3120
8 18 1781
14 19 7055
13 19 6643
9 19 3275
0 19 7883
11 19 7007
5 19 4809
3 19 2945
4 19 1731
7 19 2189
16 19 8911
8 19 6050
10 19 4770
18 19 6412
1 19 1431
17 19 262
15 19 5396
12 19 9421
5 20 420
17 20 2892
9 20 2905
10 20 8980
3 20 7888
0 20 8473
13 20 8172
6 20 3225
16 20 8190
11 20 9273
4 20 6249
19 20 8264
14 20 8580
12 20 7694
7 20 4554
1 20 5845
15 20 3426
17 21 2232
15 21 3637
19 21 7288
8 21 2569
12 21 2016
10 21 8093
11 21 1871
14 21 8438
13 21 2569
0 21 3579
6 21 3849
18 21 6816
9 21 3570
20 21 1093
4 21 4945
1 21 7269
7 21 8565
0 22 9934
20 22 9170
10 22 1646
5 22 38
9 22 3416
19 22 7394
8 22 189
18 22 451
15 22 3056
11 22 5010
1 22 9360
4 22 6828
7 22 7064
3 22 1157
12 22 1204
16 22 8563
13 22 3907
12 23 5432
8 23 5165
4 23 2991
1 23 4766
20 23 3001
15 23 4143
11 23 6716
6 23 6810
22 23 4337
7 23 8368
3 23 9700
10 23 8322
13 23 4239
0 23 7819
5 23 3660
19 23 5940
17 23 1754
17 24 8207
12 24 9638
1 24 9684
15 24 6918
0 24 4025
11 24 8361
20 24 9964
2 24 7147
9 24 8147
4 24 7042
10 24 5383
6 24 8788
14 24 8349
21 24 9340
19 24 1285
3 24 4709
13 24 4645
20 25 2605
10 25 6656
12 25 4318
3 25 5400
2 25 2623
16 25 7863
9 25 5378
13 25 3881
19 25 2608
4 25 6296
1 25 5945
14 25 4919
5 25 6050
21 25 9153
6 25 6837
17 25 7876
18 25 3419
18 26 7687
8 26 8934
12 26 3888
15 26 6941
24 26 6363
4 26 9140
13 26 8245
0 26 7411
10 26 5241
19 26 1430
7 26 7901
14 26 1490
23 26 4261
11 26 4741
3 26 2334
9 26 4716
5 26 512
16 27 7817
0 27 7617
14 27 4964
10 27 940
22 27 108
9 27 9194
8 27 9771
13 27 6217
4 27 8346
12 27 3143
1 27 3126
25 27 4504
23 27 3633
11 27 4245
6 27 1574
18 27 3952
26 27 8697
10 28 8172
3 28 1939
21 28 8267
18 28 7533
20 28 1927
17 28 1154
26 28 418
16 28 3110
2 28 31
25 28 3430
5 28 7590
23 28 6988
1 28 6269
11 28 1175
19 28 8407
9 28 1761
15 28 8471
25 29 6321
0 29 2890
28 29 536
1 29 7309
18 29 8920
12 29 6407
23 29 112
5 29 5079
26 29 8520
27 29 6075
17 29 6389
14 29 2896
24 29 3102
6 29 6703
3 29 4309
10 29 2710
2 29 5133
15 30 5022
7 30 4645
13 30 4252
16 30 8874
8 30 1514
14 30 5031
11 30 9467
29 30 8743
0 30 587
23 30 1542
25 30 5804
2 30 2616
24 30 3363
20 30 7438
5 30 7047
1 30 1915
22 30 8628
12 31 8361
16 31 654
21 31 3496
14 31 658
29 31 8227
1 31 108
19 31 6680
15 31 1393
22 31 1449
3 31 1442
0 31 6204
7 31 5798
26 31 7322
9 31 6700
24 31 2270
13 31 500
5 31 3598
31 32 559
29 32 6270
10 32 2300
23 32 26
4 32 449
19 32 171
16 32 8809
26 32 572
0 32 4457
7 32 7781
13 32 7839
28 32 9984
30 32 8496
24 32 4862
12 32 7250
20 32 4855
1 32 9116
5 33 1249
1 33 7950
0 33 998
31 33 1027
23 33 502
3 33 1534
7 33 86
4 33 9298
8 33 5855
16 33 4075
15 33 8796
9 33 8517
24 33 5941
26 33 7644
11 33 6058
6 33 7728
29 33 9279
14 34 6046
16 34 9888
1 34 7661
9 34 7776
20 34 553
23 34 659
28 34 8273
10 34 2027
24 34 5490
12 34 9874
31 34 3750
33 34 3160
25 34 8333
17 34 7885
5 34 5295
15 34 5190
8 34 9616
4 35 6842
13 35 5527
7 35 575
12 35 6425
16 35 447
21 35 4445
24 35 452
1 35 6886
31 35 3047
28 35 1773
17 35 3844
3 35 4283
29 35 1940
25 35 8359
27 35 328
20 35 2216
23 35 716
29 36 1695
18 36 1122
2 36 5446
4 36 9930
12 36 1362
9 36 1974
25 36 6250
16 36 7716
26 36 1365
31 36 7732
32 36 1378
24 36 2642
34 36 515
7 36 8073
1 36 9101
0 36 314
23 36 7910
30 37 8736
7 37 4271
5 37 2827
15 37 4325
32 37 9011
13 37 8042
22 37 6708
2 37 3630
8 37 8872
3 37 672
16 37 1420
33 37 6905
31 37 4246
21 37 2756
23 37 3245
18 37 6402
4 37 2908
4 38 3750
1 38 8227
35 38 5208
2 38 4783
6 38 8481
23 38 5949
11 38 4495
17 38 4222
28 38 8002
10 38 2744
19 38 431
24 38 5801
14 38 7794
0 38 4858
3 38 5468
32 38 6671
30 38 2641
30 39 2566
18 39 510
0 39 9086
16 39 8438
33 39 2764
22 39 1362
14 39 6498
23 39 241
25 39 8539
20 39 2578
10 39 7698
9 39 7265
8 39 613
17 39 2837
31 39 7434
38 39 1619
11 39 1626
31 40 7060
12 40 8791
27 40 5934
19 40 5460
37 40 222
15 40 6382
38 40 8603
33 40 5855
17 40 6603
5 40 1500
13 40 1029
1 40 59
0 40 8075
20 40 5883
7 40 3691
14 40 4690
11 40 1470
14 41 8532
5 41 3077
30 41 4564
17 41 8277
11 41 1927
34 41 7410
3 41 6345
36 41 5837
6 41 7884
32 41 8130
18 41 9816
10 41 5100
29 41 7082
16 41 7652
25 41 7395
12 41 3683
35 41 7253
27 42 9178
13 42 1912
14 42 2192
10 42 8955
2 42 242
0 42 4013
15 42 4592
30 42 8474
11 42 3333
1 42 430
12 42 7245
16 42 2062
31 42 197
29 42 3244
41 42 9783
17 42 9874
19 42 7892
17 43 2912
16 43 4747
19 43 1966
9 43 5584
20 43 7242
21 43 6464
3 43 6844
24 43 1996
30 43 2482
38 43 8771
14 43 9125
5 43 4580
0 43 9015
29 43 3373
35 43 6377
6 43 1171
31 43 1209
42 44 4784
2 44 1618
16 44 1892
35 44 8691
21 44 1869
15 44 8246
17 44 4077
22 44 3705
1 44 1094
4 44 9441
5 44 1138
38 44 3898
19 44 3328
39 44 9711
26 44 203
29 44 6448
9 44 8461
38 45 1635
16 45 8016
17 45 7690
12 45 9827
18 45 9623
4 45 1039
9 45 2402
40 45 8953
0 45 2750
31 45 9065
32 45 8735
15 45 7553
35 45 2441
13 45 2031
23 45 462
2 45 3782
19 45 3553
9 46 1116
41 46 4361
18 46 9646
1 46 3340
21 46 4313
30 46 8429
3 46 1935
35 46 4968
6 46 8783
13 46 1628
42 46 8289
4 46 8511
32 46 9753
14 46 6294
43 46 8423
44 46 4854
2 46 872
28 47 6482
4 47 1645
25 47 8684
41 47 5742
32 47 3607
2 47 7293
34 47 4280
7 47 8356
43 47 2923
19 47 8229
8 47 2519
9 47 2172
18 47 5370
14 47 120
46 47 5076
3 47 8264
31 47 5469
29 48 7250
15 48 1901
44 48 9423
41 48 7293
8 48 333
35 48 9951
10 48 9429
3 48 5641
45 48 790
16 48 4195
6 48 3201
11 48 4546
19 48 5528
38 48 9785
2 48 6717
12 48 3803
43 48 3848
14 49 7575
37 49 6824
15 49 5899
43 49 4350
46 49 4075
19 49 1978
32 49 1114
39 49 119
35 49 2841
28 49 7267
4 49 454
11 49 8155
29 49 611
7 49 4034
31 49 3988
33 49 1899
38 49 5747
6 50 7180
3 50 2395
41 50 8683
8 50 7473
24 50 4816
0 50 5667
5 50 826
35 50 2668
4 50 8410
7 50 4407
25 50 6855
38 50 6463
36 50 8323
13 50 4598
31 50 829
1 50 4386
33 50 5837
17 51 2896
18 51 3261
41 51 9515
1 51 4923
27 51 4149
33 51 3465
4 51 5352
15 51 1415
7 51 2996
39 51 5285
31 51 3450
36 51 1436
14 51 963
5 51 1117
46 51 5845
47 51 9035
3 51 8061
42 52 2128
2 52 8447
25 52 9697
8 52 6357
41 52 9651
29 52 6950
1 52 76
12 52 8675
31 52 9772
23 52 7361
7 52 1291
14 52 6377
34 52 1992
27 52 5686
3 52 4605
22 52 9299
38 52 8861
27 53 9326
4 53 1203
31 53 3763
36 53 949
34 53 1113
32 53 354
0 53 8311
30 53 824
7 53 9403
12 53 2333
9 53 1986
29 53 2249
39 53 2143
26 53 9299
33 53 93
3 53 8390
28 53 3468
1 54 31
2 54 320
27 54 9895
18 54 3530
52 54 128
19 54 58
20 54 1256
23 54 7050
10 54 3310
7 54 2716
11 54 7346
12 54 4271
50 54 6332
5 54 9645
45 54 7224
51 54 520
31 54 9975
10 55 9504
20 55 5515
19 55 3560
21 55 7490
36 55 121
16 55 6754
9 55 275
38 55 6436
2 55 7979
1 55 3994
28 55 4039
17 55 8037
33 55 2377
54 55 1740
45 55 5068
8 55 3120
47 55 4789
32 56 8440
33 56 9594
49 56 6543
47 56 3389
38 56 2425
8 56 8196
34 56 7156
1 56 3293
53 56 800
25 56 3752
29 56 5550
19 56 5217
41 56 4356
51 56 4715
55 56 3731
45 56 9997
12 56 6191
53 57 6563
35 57 2673
1 57 2754
11 57 1814
50 57 7738
38 57 646
13 57 3194
10 57 3938
6 57 3563
17 57 6508
34 57 3172
14 57 7815
20 57 1283
49 57 4309
31 57 5062
45 57 4563
27 57 5533
18 58 5775
37 58 4205
1 58 1705
31 58 1187
15 58 8186
29 58 4874
12 58 7896
25 58 732
3 58 1239
34 58 7914
53 58 1917
4 58 5972
22 58 3790
20 58 547
6 58 9788
33 58 6031
40 58 580
33 59 6454
14 59 9554
24 59 7030
25 59 8223
44 59 8802
53 59 4458
8 59 8802
52 59 7704
20 59 126
10 59 319
2 59 1971
12 59 3894
4 59 2717
31 59 6186
50 59 4873
13 59 5832
16 59 1459
1 60 8774
47 60 9673
58 60 4133
48 60 6322
51 60 7773
0 60 9694
15 60 341
27 60 9170
8 60 5049
57 60 3542
37 60 9270
14 60 2893
24 60 8291
26 60 9648
19 60 5915
35 60 9945
21 60 3291
12 61 738
56 61 3819
4 61 6252
14 61 7268
55 61 5296
8 61 758
1 61 9382
9 61 1222
29 61 9637
47 61 3216
49 61 9401
54 61 8873
22 61 809
39 61 1732
48 61 3911
41 61 9162
32 61 6474
60 62 702
38 62 5173
35 62 5018
13 62 9215
56 62 373
7 62 6674
54 62 4549
4 62 9647
31 62 676
0 62 3093
32 62 1604
12 62 4293
8 62 8977
17 62 3313
15 62 5533
11 62 7627
36 62 9150
20 63 5376
27 63 1844
15 63 8929
13 63 3530
11 63 6800
12 63 5619
16 63 8471
35 63 7333
0 63 1228
30 63 39
2 63 2762
9 63 9123
17 63 721
55 63 9892
8 63 8302
56 63 5861
39 63 7975
35 64 6710
27 64 7658
37 64 2816
24 64 2729
4 64 4569
12 64 3691
14 64 1199
33 64 8549
31 64 4755
32 64 7769
47 64 9659
28 64 8588
11 64 7231
16 64 6650
2 64 8465
20 64 1838
44 64 35
55 65 1507
36 65 9982
42 65 6165
15 65 1199
33 65 3237
30 65 6726
21 65 7099
46 65 9002
17 65 3323
0 65 1534
20 65 111
12 65 256
25 65 2331
22 65 718
35 65 8582
4 65 8767
53 65 5488
44 66 1851
54 66 5604
15 66 978
58 66 919
29 66 6939
57 66 5134
36 66 4014
28 66 8254
45 66 1761
10 66 3323
13 66 8665
17 66 7673
4 66 1163
1 66 2280
5 66 3571
46 66 7776
16 66 2795
21 67 5038
31 67 184
11 67 5107
58 67 9562
53 67 2033
19 67 3127
42 67 6834
25 67 5863
57 67 3469
61 67 5008
10 67 6112
0 67 5720
62 67 9312
35 67 9590
2 67 5918
13 67 827
51 67 1592
8 68 74
15 68 5989
66 68 1407
51 68 3877
39 68 7154
10 68 6534
55 68 4006
36 68 3230
61 68 8532
58 68 6533
26 68 8067
1 68 2151
32 68 4518
16 68 5794
17 68 7662
56 68 4259
65 68 6424
29 69 1832
5 69 2994
58 69 2021
14 69 1346
18 69 9168
1 69 1168
15 69 3559
0 69 7767
28 69 9846
11 69 4651
32 69 6108
25 69 7624
63 69 2625
45 69 592
33 69 5729
9 69 927
65 69 5536
48 70 5343
4 70 6587
8 70 8810
11 70 7210
68 70 3018
32 70 6199
14 70 1069
12 70 5830
15 70 9169
24 70 9167
42 70 1978
69 70 2615
51 70 7628
63 70 9543
2 70 1753
10 70 4158
47 70 4771
51 71 92
26 71 5386
50 71 5350
31 71 9567
53 71 9858
10 71 1302
36 71 4223
5 71 6553
17 71 1857
32 71 2846
49 71 6518
20 71 955
46 71 9666
60 71 3488
34 71 4881
28 71 7520
16 71 3615
45 72 5738
12 72 8270
3 72 9512
26 72 5372
47 72 4819
18 72 6514
8 72 8853
5 72 4337
66 72 3463
57 72 2937
25 72 9716
20 72 8668
70 72 6254
24 72 4894
42 72 6361
6 72 3201
13 72 6423
20 73 5708
6 73 2098
9 73 4381
21 73 7980
4 73 6344
11 73 1011
7 73 7300
59 73 5173
10 73 5294
12 73 208
1 73 9581
58 73 6296
33 73 1514
23 73 1413
3 73 1524
13 73 8915
32 73 8996
16 74 8294
2 74 8408
33 74 2265
39 74 9149
18 74 8606
55 74 4150
68 74 3598
4 74 9266
10 74 3356
72 74 6689
19 74 1439
45 74 8518
17 74 1341
29 74 9736
36 74 2235
62 74 8148
43 74 9906
55 75 5964
18 75 6799
11 75 3703
19 75 855
66 75 4395
9 75 3994
59 75 8742
15 75 997
1 75 8301
22 75 8183
42 75 4039
8 75 5845
14 75 5731
72 75 9257
35 75 6775
17 75 4103
34 75 7909
20 76 4767
5 76 2757
31 76 1950
60 76 4260
16 76 8495
8 76 3105
15 76 2347
49 76 476
47 76 870
3 76 1841
62 76 3430
59 76 4742
14 76 8246
40 76 1191
36 76 2226
55 76 5512
37 76 8245
10 77 2034
20 77 9729
62 77 6248
0 77 4616
6 77 1637
16 77 5239
4 77 957
68 77 1010
18 77 2223
19 77 1866
29 77 1539
51 77 5139
31 77 7860
27 77 1781
17 77 6449
48 77 1448
9 77 5186
77 78 6550
10 78 626
15 78 5759
38 78 9807
75 78 8168
48 78 6630
36 78 9131
45 78 1426
21 78 9284
60 78 2001
14 78 7693
8 78 7181
23 78 1631
30 78 6830
41 78 8327
4 78 9806
39 78 4713
61 79 5661
0 79 5467
60 79 6657
31 79 5964
49 79 5042
27 79 7334
12 79 9244
54 79 105
1 79 7691
17 79 6678
39 79 8286
7 79 3414
36 79 7435
25 79 4485
41 79 7837
50 79 7446
37 79 9783
