40 780
0 1 1
0 2 2
1 2 3
0 3 5
1 3 2
2 3 3
0 4 1
1 4 2
2 4 5
3 4 1
0 5 2
1 5 3
2 5 2
3 5 4
4 5 1
0 6 1
1 6 2
2 6 5
3 6 5
4 6 5
5 6 1
0 7 5
1 7 2
2 7 3
3 7 4
4 7 2
5 7 2
6 7 1
0 8 3
1 8 4
2 8 3
3 8 5
4 8 2
5 8 1
6 8 4
7 8 2
0 9 1
1 9 3
2 9 1
3 9 2
4 9 5
5 9 5
6 9 1
7 9 5
8 9 1
0 10 5
1 10 5
2 10 2
3 10 3
4 10 5
5 10 5
6 10 2
7 10 2
8 10 5
9 10 1
0 11 2
1 11 2
2 11 4
3 11 1
4 11 2
5 11 4
6 11 2
7 11 5
8 11 1
9 11 2
10 11 2
0 12 1
1 12 5
2 12 2
3 12 2
4 12 4
5 12 5
6 12 2
7 12 1
8 12 3
9 12 2
10 12 4
11 12 1
0 13 2
1 13 1
2 13 5
3 13 5
4 13 2
5 13 1
6 13 4
7 13 1
8 13 5
9 13 4
10 13 4
11 13 5
12 13 1
0 14 4
1 14 3
2 14 3
3 14 5
4 14 4
5 14 5
6 14 5
7 14 3
8 14 5
9 14 3
10 14 1
11 14 5
12 14 4
13 14 2
0 15 3
1 15 4
2 15 3
3 15 3
4 15 3
5 15 1
6 15 2
7 15 4
8 15 5
9 15 2
10 15 1
11 15 2
12 15 4
13 15 1
14 15 3
0 16 1
1 16 4
2 16 4
3 16 1
4 16 4
5 16 3
6 16 5
7 16 4
8 16 5
9 16 3
10 16 2
11 16 4
12 16 2
13 16 5
14 16 5
15 16 4
0 17 5
1 17 1
2 17 5
3 17 2
4 17 5
5 17 5
6 17 2
7 17 5
8 17 5
9 17 1
10 17 3
11 17 1
12 17 2
13 17 1
14 17 3
15 17 2
16 17 5
0 18 1
1 18 5
2 18 1
3 18 1
4 18 2
5 18 3
6 18 3
7 18 3
8 18 4
9 18 1
10 18 5
11 18 4
12 18 2
13 18 3
14 18 4
15 18 2
16 18 2
17 18 4
0 19 4
1 19 3
2 19 4
3 19 3
4 19 2
5 19 3
6 19 3
7 19 3
8 19 2
9 19 2
10 19 4
11 19 2
12 19 3
13 19 4
14 19 1
15 19 3
16 19 3
17 19 1
18 19 5
0 20 3
1 20 5
2 20 4
3 20 4
4 20 1
5 20 1
6 20 4
7 20 1
8 20 1
9 20 4
10 20 5
11 20 2
12 20 3
13 20 3
14 20 1
15 20 1
16 20 2
17 20 4
18 20 1
19 20 2
0 21 3
1 21 4
2 21 5
3 21 3
4 21 2
5 21 1
6 21 5
7 21 2
8 21 5
9 21 1
10 21 2
11 21 2
12 21 4
13 21 1
14 21 4
15 21 2
16 21 1
17 21 4
18 21 2
19 21 5
20 21 4
0 22 3
1 22 4
2 22 4
3 22 2
4 22 4
5 22 1
6 22 4
7 22 3
8 22 4
9 22 1
10 22 5
11 22 3
12 22 5
13 22 2
14 22 3
15 22 3
16 22 4
17 22 3
18 22 5
19 22 2
20 22 4
21 22 2
0 23 3
1 23 4
2 23 3
3 23 2
4 23 4
5 23 2
6 23 3
7 23 2
8 23 5
9 23 5
10 23 2
11 23 4
12 23 4
13 23 3
14 23 4
15 23 2
16 23 4
17 23 3
18 23 4
19 23 4
20 23 4
21 23 1
22 23 4
0 24 1
1 24 4
2 24 4
3 24 3
4 24 3
5 24 4
6 24 1
7 24 3
8 24 4
9 24 3
10 24 5
11 24 3
12 24 5
13 24 5
14 24 5
15 24 1
16 24 5
17 24 4
18 24 5
19 24 2
20 24 5
21 24 1
22 24 1
23 24 1
0 25 4
1 25 5
2 25 3
3 25 1
4 25 4
5 25 3
6 25 3
7 25 2
8 25 5
9 25 3
10 25 5
11 25 3
12 25 1
13 25 5
14 25 1
15 25 1
16 25 1
17 25 3
18 25 1
19 25 5
20 25 3
21 25 4
22 25 4
23 25 5
24 25 3
0 26 1
1 26 3
2 26 5
3 26 4
4 26 1
5 26 1
6 26 1
7 26 2
8 26 4
9 26 1
10 26 4
11 26 5
12 26 2
13 26 3
14 26 5
15 26 2
16 26 1
17 26 1
18 26 5
19 26 3
20 26 5
21 26 1
22 26 3
23 26 4
24 26 3
25 26 5
0 27 4
1 27 1
2 27 2
3 27 3
4 27 2
5 27 3
6 27 1
7 27 4
8 27 2
9 27 2
10 27 4
11 27 3
12 27 1
13 27 3
14 27 1
15 27 2
16 27 1
17 27 4
18 27 1
19 27 1
20 27 2
21 27 3
22 27 4
23 27 1
24 27 1
25 27 4
26 27 4
0 28 1
1 28 5
2 28 4
3 28 2
4 28 5
5 28 4
6 28 2
7 28 4
8 28 4
9 28 2
10 28 5
11 28 2
12 28 3
13 28 4
14 28 2
15 28 4
16 28 1
17 28 5
18 28 4
19 28 3
20 28 4
21 28 5
22 28 3
23 28 5
24 28 3
25 28 2
26 28 2
27 28 2
0 29 3
1 29 3
2 29 1
3 29 1
4 29 2
5 29 3
6 29 5
7 29 3
8 29 1
9 29 5
10 29 4
11 29 1
12 29 1
13 29 1
14 29 4
15 29 1
16 29 3
17 29 1
18 29 1
19 29 2
20 29 1
21 29 2
22 29 2
23 29 1
24 29 2
25 29 5
26 29 5
27 29 5
28 29 4
0 30 1
1 30 4
2 30 4
3 30 2
4 30 2
5 30 2
6 30 4
7 30 1
8 30 4
9 30 4
10 30 2
11 30 4
12 30 1
13 30 5
14 30 4
15 30 1
16 30 3
17 30 4
18 30 3
19 30 5
20 30 5
21 30 4
22 30 5
23 30 4
24 30 4
25 30 2
26 30 3
27 30 1
28 30 5
29 30 2
0 31 5
1 31 4
2 31 1
3 31 5
4 31 2
5 31 5
6 31 4
7 31 3
8 31 3
9 31 4
10 31 5
11 31 5
12 31 4
13 31 5
14 31 3
15 31 5
16 31 4
17 31 4
18 31 1
19 31 1
20 31 3
21 31 2
22 31 2
23 31 4
24 31 2
25 31 3
26 31 4
27 31 5
28 31 5
29 31 4
30 31 3
0 32 2
1 32 1
2 32 3
3 32 5
4 32 2
5 32 1
6 32 5
7 32 5
8 32 4
9 32 2
10 32 2
11 32 4
12 32 5
13 32 4
14 32 1
15 32 4
16 32 1
17 32 4
18 32 3
19 32 5
20 32 4
21 32 2
22 32 5
23 32 1
24 32 3
25 32 5
26 32 1
27 32 2
28 32 5
29 32 3
30 32 5
31 32 2
0 33 1
1 33 5
2 33 4
3 33 1
4 33 3
5 33 5
6 33 1
7 33 5
8 33 4
9 33 3
10 33 3
11 33 1
12 33 3
13 33 3
14 33 1
15 33 2
16 33 5
17 33 1
18 33 2
19 33 5
20 33 3
21 33 5
22 33 4
23 33 3
24 33 3
25 33 2
26 33 4
27 33 2
28 33 4
29 33 4
30 33 5
31 33 5
32 33 4
0 34 5
1 34 3
2 34 1
3 34 4
4 34 5
5 34 3
6 34 3
7 34 4
8 34 1
9 34 4
10 34 1
11 34 3
12 34 4
13 34 4
14 34 4
15 34 3
16 34 5
17 34 2
18 34 2
19 34 1
20 34 2
21 34 3
22 34 4
23 34 2
24 34 4
25 34 5
26 34 5
27 34 4
28 34 3
29 34 4
30 34 4
31 34 5
32 34 1
33 34 3
0 35 4
1 35 3
2 35 1
3 35 1
4 35 3
5 35 2
6 35 1
7 35 2
8 35 2
9 35 2
10 35 1
11 35 3
12 35 2
13 35 1
14 35 2
15 35 2
16 35 4
17 35 1
18 35 5
19 35 1
20 35 1
21 35 5
22 35 3
23 35 2
24 35 1
25 35 4
26 35 3
27 35 2
28 35 4
29 35 5
30 35 5
31 35 2
32 35 2
33 35 3
34 35 4
0 36 3
1 36 4
2 36 3
3 36 1
4 36 1
5 36 3
6 36 2
7 36 5
8 36 2
9 36 4
10 36 4
11 36 5
12 36 5
13 36 3
14 36 5
15 36 5
16 36 1
17 36 3
18 36 1
19 36 5
20 36 1
21 36 3
22 36 5
23 36 2
24 36 1
25 36 2
26 36 2
27 36 4
28 36 1
29 36 3
30 36 4
31 36 3
32 36 4
33 36 2
34 36 2
35 36 5
0 37 5
1 37 1
2 37 5
3 37 4
4 37 4
5 37 1
6 37 4
7 37 1
8 37 5
9 37 2
10 37 5
11 37 1
12 37 5
13 37 4
14 37 3
15 37 5
16 37 1
17 37 4
18 37 2
19 37 5
20 37 3
21 37 2
22 37 3
23 37 1
24 37 4
25 37 4
26 37 2
27 37 4
28 37 4
29 37 5
30 37 4
31 37 3
32 37 3
33 37 3
34 37 5
35 37 2
36 37 1
0 38 1
1 38 3
2 38 2
3 38 5
4 38 1
5 38 4
6 38 2
7 38 4
8 38 4
9 38 1
10 38 5
11 38 1
12 38 5
13 38 4
14 38 3
15 38 2
16 38 3
17 38 3
18 38 5
19 38 2
20 38 1
21 38 4
22 38 2
23 38 4
24 38 3
25 38 2
26 38 2
27 38 1
28 38 4
29 38 5
30 38 5
31 38 2
32 38 1
33 38 4
34 38 2
35 38 4
36 38 1
37 38 5
0 39 1
1 39 2
2 39 2
3 39 5
4 39 4
5 39 2
6 39 3
7 39 4
8 39 1
9 39 2
10 39 5
11 39 2
12 39 1
13 39 3
14 39 1
15 39 5
16 39 1
17 39 2
18 39 2
19 39 4
20 39 4
21 39 5
22 39 5
23 39 3
24 39 4
25 39 3
26 39 5
27 39 3
28 39 5
29 39 1
30 39 3
31 39 5
32 39 2
33 39 1
34 39 4
35 39 4
36 39 3
37 39 2
38 39 4
