20 190
0 1 5139
0 2 3411
1 2 5235
0 3 694
1 3 185
2 3 4857
0 4 3422
1 4 4894
2 4 3150
3 4 2782
0 5 5680
1 5 9267
2 5 5323
3 5 5475
4 5 8121
0 6 8697
1 6 6295
2 6 359
3 6 17
4 6 6838
5 6 9461
0 7 7900
1 7 2468
2 7 806
3 7 1378
4 7 786
5 7 5969
6 7 7775
0 8 3955
1 8 4230
2 8 5267
3 8 6138
4 8 2163
5 8 5375
6 8 5594
7 8 5790
0 9 9072
1 9 4541
2 9 9347
3 9 1549
4 9 8776
5 9 2409
6 9 3998
7 9 2029
8 9 446
0 10 8747
1 10 6718
2 10 5217
3 10 1085
4 10 1406
5 10 6969
6 10 73
7 10 8963
8 10 40
9 10 6274
0 11 4754
1 11 2016
2 11 4681
3 11 8201
4 11 4138
5 11 3187
6 11 6519
7 11 9396
8 11 7601
9 11 8868
10 11 5204
0 12 1945
1 12 9329
2 12 9499
3 12 1367
4 12 3436
5 12 3513
6 12 621
7 12 6756
8 12 2910
9 12 156
10 12 5691
11 12 364
0 13 7546
1 13 8015
2 13 4888
3 13 7973
4 13 4653
5 13 2466
6 13 697
7 13 1646
8 13 5689
9 13 8140
10 13 8135
11 13 2372
12 13 4236
0 14 2715
1 14 5719
2 14 3203
3 14 7562
4 14 7318
5 14 8814
6 14 9305
7 14 6411
8 14 6798
9 14 1815
10 14 9117
11 14 1890
12 14 297
13 14 7528
0 15 4381
1 15 9895
2 15 1121
3 15 29
4 15 2181
5 15 5637
6 15 7892
7 15 1756
8 15 7400
9 15 2500
10 15 5801
11 15 5305
12 15 7869
13 15 543
14 15 8817
0 16 1074
1 16 9718
2 16 1060
3 16 2712
4 16 6286
5 16 8183
6 16 7868
7 16 2318
8 16 3227
9 16 625
10 16 8642
11 16 1212
12 16 6248
13 16 2919
14 16 5411
15 16 8200
0 17 3254
1 17 4783
2 17 5752
3 17 2865
4 17 1162
5 17 4601
6 17 1987
7 17 1062
8 17 232
9 17 2865
10 17 2534
11 17 2903
12 17 9388
13 17 5226
14 17 3582
15 17 2047
16 17 6746
0 18 4756
1 18 6046
2 18 6899
3 18 3214
4 18 6638
5 18 4877
6 18 8431
7 18 4482
8 18 3153
9 18 1846
10 18 5384
11 18 6747
12 18 8614
13 18 1060
14 18 9377
15 18 7981
16 18 4886
17 18 480
0 19 7229
1 19 8809
2 19 7125
3 19 6362
4 19 3992
5 19 1676
6 19 218
7 19 945
8 19 6330
9 19 5083
10 19 3632
11 19 3803
12 19 2604
13 19 8733
14 19 5463
15 19 2518
16 19 2253
17 19 1861
18 19 1907
