150 297
0 1 507
0 2 19
1 2 433
1 3 694
0 3 507
3 4 938
0 4 676
4 5 984
2 5 907
0 6 441
2 6 875
4 7 342
3 7 290
0 8 364
3 8 569
3 9 560
4 9 587
3 10 963
5 10 397
7 11 14
5 11 718
3 12 706
1 12 900
2 13 215
0 13 374
9 14 152
3 14 782
12 15 769
3 15 568
7 16 785
11 16 105
3 17 137
16 17 320
6 18 382
1 18 481
9 19 224
8 19 300
2 20 658
3 20 513
2 21 619
5 21 32
18 22 247
3 22 1000
13 23 686
4 23 165
0 24 578
4 24 862
0 25 49
5 25 651
0 26 410
7 26 825
3 27 601
0 27 120
0 28 343
27 28 157
6 29 672
24 29 232
14 30 292
7 30 177
20 31 414
11 31 159
11 32 171
20 32 496
9 33 921
0 33 914
0 34 404
7 34 951
33 35 777
0 35 378
4 36 265
2 36 163
14 37 307
2 37 378
24 38 748
35 38 536
0 39 846
6 39 843
29 40 540
6 40 871
9 41 471
35 41 449
5 42 380
14 42 700
2 43 856
41 43 523
42 44 781
9 44 550
8 45 808
15 45 55
5 46 249
31 46 24
42 47 623
0 47 889
28 48 870
0 48 757
27 49 674
25 49 284
5 50 400
12 50 632
16 51 93
0 51 711
7 52 152
32 52 48
42 53 21
2 53 399
11 54 805
14 54 169
10 55 544
37 55 359
3 56 704
31 56 997
25 57 615
18 57 884
25 58 204
13 58 831
2 59 36
42 59 920
19 60 290
28 60 364
2 61 957
31 61 569
41 62 327
33 62 747
25 63 797
53 63 857
43 64 85
31 64 45
12 65 436
16 65 641
1 66 946
5 66 471
0 67 226
12 67 751
26 68 127
67 68 922
10 69 577
18 69 731
0 70 583
18 70 188
20 71 804
24 71 362
50 72 277
9 72 597
8 73 172
48 73 229
51 74 284
39 74 673
27 75 591
28 75 739
63 76 271
11 76 462
55 77 33
18 77 850
56 78 445
6 78 287
55 79 131
3 79 254
78 80 578
7 80 5
23 81 342
14 81 99
70 82 227
5 82 210
48 83 402
56 83 587
52 84 696
75 84 510
14 85 800
67 85 402
0 86 270
59 86 327
57 87 370
11 87 342
56 88 501
11 88 856
3 89 844
67 89 973
4 90 637
46 90 800
9 91 53
83 91 211
75 92 670
43 92 498
2 93 979
9 93 269
29 94 289
12 94 368
73 95 401
61 95 63
44 96 990
82 96 650
1 97 64
5 97 857
0 98 977
85 98 266
67 99 988
73 99 732
67 100 177
55 100 325
17 101 226
25 101 896
16 102 542
54 102 878
60 103 117
3 103 212
8 104 229
88 104 112
47 105 942
42 105 790
69 106 763
11 106 719
68 107 222
63 107 948
0 108 251
102 108 268
98 109 380
9 109 479
35 110 608
73 110 828
0 111 109
97 111 211
108 112 15
21 112 220
86 113 186
42 113 536
34 114 255
4 114 483
68 115 156
0 115 752
4 116 960
89 116 754
0 117 483
73 117 335
3 118 546
41 118 923
6 119 801
0 119 95
53 120 996
114 120 414
4 121 315
0 121 714
107 122 250
18 122 741
117 123 83
57 123 725
121 124 639
41 124 659
31 125 530
52 125 402
86 126 195
67 126 661
89 127 79
84 127 99
119 128 474
73 128 681
0 129 820
103 129 210
119 130 493
5 130 711
45 131 171
56 131 298
14 132 865
2 132 282
24 133 862
91 133 788
60 134 66
95 134 477
45 135 658
6 135 393
86 136 846
127 136 214
9 137 538
43 137 973
70 138 673
26 138 925
41 139 31
106 139 993
32 140 887
52 140 50
69 141 477
91 141 866
37 142 955
52 142 808
37 143 847
17 143 502
86 144 216
52 144 553
6 145 115
8 145 877
81 146 335
67 146 832
65 147 236
18 147 874
3 148 730
7 148 319
145 149 941
14 149 866
