60 1029
0 1 5932
0 2 6824
1 2 717
0 3 49
1 3 4649
2 3 1586
0 4 4717
1 4 8516
2 4 9501
3 4 583
0 5 9101
1 5 7504
2 5 3339
3 5 5176
4 5 3091
0 6 2449
1 6 8973
2 6 3181
3 6 3317
4 6 9993
5 6 5697
0 7 500
1 7 2354
2 7 3789
3 7 2583
4 7 5469
5 7 8946
6 7 9109
0 8 6322
1 8 2788
2 8 3952
3 8 3209
4 8 8691
5 8 9170
6 8 4878
7 8 4153
0 9 4408
1 9 634
2 9 1168
3 9 5993
4 9 5770
5 9 3602
6 9 2416
7 9 9787
8 9 5910
0 10 2282
1 10 2818
2 10 1942
3 10 7242
4 10 8202
5 10 8800
6 10 7902
7 10 7878
8 10 9139
9 10 6510
0 11 1752
1 11 3867
2 11 7344
3 11 1700
4 11 6800
5 11 9596
6 11 8163
7 11 7539
8 11 3766
9 11 9191
10 11 80
0 12 7190
1 12 2820
2 12 6281
3 12 5648
4 12 809
5 12 2737
6 12 9800
7 12 3837
8 12 2675
9 12 8496
10 12 4805
11 12 4992
0 13 317
1 13 434
2 13 1685
3 13 7633
4 13 5792
5 13 5702
6 13 7351
7 13 4509
8 13 2638
9 13 1694
10 13 8659
11 13 4308
12 13 3609
0 14 5683
1 14 2150
2 14 5624
3 14 3290
4 14 1126
5 14 512
6 14 8175
7 14 140
8 14 5696
9 14 2347
10 14 4438
11 14 1610
12 14 6682
13 14 6864
0 15 5027
1 15 9425
2 15 4891
3 15 3923
4 15 7683
5 15 1589
6 15 7405
7 15 1141
8 15 4975
9 15 4027
10 15 1242
11 15 9835
12 15 6094
13 15 9882
14 15 4111
0 16 6582
1 16 8095
2 16 8672
3 16 1347
4 16 4443
5 16 6310
6 16 9018
7 16 6725
8 16 1283
9 16 2988
10 16 5817
11 16 2633
12 16 5895
13 16 9499
14 16 5478
15 16 5646
0 17 2567
1 17 6495
2 17 8713
3 17 1120
4 17 4786
5 17 474
6 17 8379
7 17 3282
8 17 8628
9 17 4354
10 17 5549
11 17 4804
12 17 3791
13 17 3038
14 17 7046
15 17 7368
16 17 8864
0 18 2868
1 18 7287
2 18 818
3 18 572
4 18 7451
5 18 4489
6 18 6618
7 18 4284
8 18 3850
9 18 9052
10 18 2466
11 18 5367
12 18 7688
13 18 3049
14 18 7558
15 18 7628
16 18 3692
17 18 7511
0 19 8313
1 19 3122
2 19 3001
3 19 3956
4 19 7857
5 19 3731
6 19 8094
7 19 9635
8 19 5651
9 19 533
10 19 3250
11 19 2976
12 19 7621
13 19 3492
14 19 256
15 19 6476
16 19 8194
17 19 6879
18 19 1819
0 20 5702
1 20 8558
2 20 4648
3 20 4192
4 20 5661
5 20 3544
6 20 1367
7 20 4273
8 20 6965
9 20 485
10 20 8361
11 20 6171
12 20 8314
13 20 3617
14 20 1911
15 20 2340
16 20 6934
17 20 9770
18 20 7691
19 20 3650
0 21 9938
1 21 9929
2 21 550
3 21 6944
4 21 2795
5 21 6287
6 21 4253
7 21 577
8 21 3240
9 21 2484
10 21 7013
11 21 9943
12 21 3844
13 21 7600
14 21 680
15 21 6475
16 21 5618
17 21 8988
18 21 5701
19 21 268
20 21 5811
6 22 5467
12 22 9060
3 22 8367
21 22 9134
9 22 2283
4 22 7325
10 22 8584
1 22 576
11 22 5627
7 22 9926
18 22 2554
14 22 5840
16 22 8401
2 22 2925
5 22 3972
17 22 3542
15 22 6266
13 22 7580
19 22 4097
20 22 8117
8 22 5976
9 23 5570
12 23 3752
22 23 6366
17 23 1101
10 23 2607
1 23 4442
2 23 3590
5 23 9215
15 23 3824
18 23 9475
11 23 704
6 23 9173
3 23 5151
13 23 880
7 23 213
21 23 3972
4 23 7956
8 23 5881
0 23 9154
19 23 9063
20 23 1786
1 24 136
21 24 7471
0 24 3986
10 24 862
16 24 4516
17 24 5825
11 24 680
4 24 6059
22 24 3586
19 24 6196
20 24 3321
12 24 7857
2 24 3230
8 24 5432
5 24 1627
23 24 9853
15 24 5865
3 24 230
9 24 3725
18 24 4323
14 24 7280
2 25 7929
3 25 5553
14 25 6273
1 25 2828
19 25 4826
9 25 6269
12 25 5902
5 25 4445
7 25 1834
16 25 3977
23 25 6369
18 25 5655
8 25 1988
15 25 9061
20 25 4638
21 25 6402
22 25 7766
6 25 7876
13 25 8321
0 25 6663
10 25 6447
25 26 9121
6 26 8901
5 26 608
23 26 9995
4 26 4101
2 26 5924
20 26 3371
3 26 6071
14 26 4924
1 26 7940
15 26 3190
13 26 227
18 26 7717
24 26 9596
7 26 4377
0 26 116
21 26 6621
8 26 1475
12 26 1333
17 26 5907
9 26 3238
11 27 4585
25 27 6550
20 27 1504
0 27 7368
22 27 1842
12 27 8706
2 27 3157
26 27 7603
10 27 5531
18 27 3428
24 27 5917
23 27 1846
19 27 8594
15 27 3445
16 27 2855
17 27 849
14 27 4763
6 27 6536
21 27 2303
13 27 9132
3 27 8949
20 28 2448
27 28 3308
24 28 7913
2 28 1577
10 28 4014
15 28 1345
5 28 6892
26 28 2199
13 28 512
9 28 6611
18 28 4402
4 28 7049
16 28 7003
3 28 8361
19 28 4792
12 28 1723
23 28 5916
0 28 3210
11 28 3612
1 28 9333
7 28 6771
16 29 6547
18 29 4722
21 29 3677
4 29 7452
24 29 6245
23 29 4705
0 29 1638
13 29 3266
17 29 8885
27 29 8176
5 29 5129
3 29 7257
19 29 682
9 29 2830
1 29 8107
10 29 5551
28 29 1287
26 29 8637
11 29 76
12 29 3993
15 29 7265
8 30 3188
13 30 9499
24 30 8097
3 30 1588
14 30 5292
7 30 2919
25 30 4005
6 30 585
5 30 6692
11 30 6485
12 30 2938
9 30 885
26 30 5168
28 30 9682
0 30 6002
1 30 8569
2 30 2078
20 30 1063
17 30 1694
15 30 1263
10 30 8651
19 31 5104
15 31 94
4 31 8790
28 31 61
27 31 800
13 31 1770
1 31 719
26 31 8497
25 31 5608
6 31 6640
3 31 3619
18 31 2503
21 31 8591
8 31 1800
16 31 3725
2 31 2279
5 31 9923
14 31 4161
20 31 4979
22 31 4750
10 31 6111
21 32 8950
8 32 1360
14 32 2657
24 32 2976
25 32 339
13 32 8329
7 32 8360
23 32 6378
17 32 8010
18 32 1491
20 32 2347
16 32 2291
9 32 2440
10 32 1770
31 32 5330
5 32 1745
29 32 1895
11 32 6392
30 32 3737
15 32 2212
28 32 1747
7 33 7698
8 33 529
13 33 1638
1 33 1935
14 33 4768
25 33 295
18 33 140
12 33 8693
9 33 2649
26 33 2446
10 33 655
30 33 2086
2 33 5057
21 33 6372
20 33 1662
5 33 4011
0 33 7288
31 33 4789
22 33 1475
17 33 4064
29 33 8578
13 34 2375
8 34 9714
16 34 8993
4 34 279
31 34 6489
2 34 6415
20 34 9692
26 34 2924
32 34 65
23 34 4321
17 34 361
21 34 8633
10 34 3463
6 34 1537
22 34 3435
1 34 1443
0 34 9313
7 34 6898
19 34 5870
18 34 3090
27 34 8243
9 35 9406
18 35 8656
13 35 7430
16 35 1787
21 35 8471
4 35 7582
22 35 8915
32 35 9010
10 35 7213
7 35 889
1 35 8422
15 35 4528
19 35 3992
12 35 8889
33 35 750
23 35 2141
17 35 8058
28 35 8882
26 35 4986
11 35 3497
34 35 6124
4 36 3054
26 36 919
15 36 9446
12 36 6988
11 36 6180
6 36 7194
9 36 3014
20 36 1878
1 36 8371
3 36 2244
13 36 5022
2 36 4982
21 36 9166
14 36 4745
8 36 3264
16 36 9898
10 36 1814
0 36 6164
32 36 8701
30 36 5260
24 36 3682
16 37 1226
25 37 9180
1 37 4547
31 37 1764
3 37 5769
27 37 5031
22 37 1021
13 37 7028
30 37 1176
2 37 9836
8 37 2029
28 37 7698
19 37 2812
17 37 4428
7 37 2651
0 37 2571
10 37 9297
23 37 3199
12 37 8622
18 37 1269
33 37 5926
23 38 1683
27 38 2011
1 38 1473
26 38 2301
13 38 5485
3 38 9969
30 38 8457
15 38 9433
9 38 1422
21 38 8191
31 38 2188
24 38 3315
28 38 8339
8 38 3583
37 38 7879
2 38 2063
25 38 9295
6 38 6139
35 38 4803
12 38 5382
33 38 5303
22 39 8256
24 39 4422
2 39 9873
13 39 7184
9 39 9455
17 39 8770
14 39 1948
26 39 9705
20 39 1101
35 39 3743
5 39 8159
7 39 109
11 39 2472
18 39 3122
12 39 5715
21 39 4346
25 39 3863
38 39 3961
6 39 2758
8 39 6138
29 39 1413
3 40 4057
17 40 5777
26 40 2425
14 40 8165
22 40 1958
23 40 8867
6 40 5568
8 40 2303
13 40 3750
29 40 1935
1 40 6607
21 40 7147
0 40 7697
10 40 8108
11 40 6591
18 40 8702
27 40 6530
12 40 6396
38 40 6838
33 40 6716
34 40 7323
19 41 4334
28 41 1496
13 41 4997
18 41 558
40 41 221
20 41 7149
30 41 6699
5 41 1508
8 41 1127
14 41 1890
22 41 6680
4 41 3100
25 41 3156
24 41 6782
36 41 1947
35 41 1907
16 41 4543
21 41 6458
17 41 1007
10 41 8906
32 41 9668
0 42 3253
33 42 9095
23 42 989
26 42 3295
39 42 2069
6 42 8150
30 42 2059
37 42 8538
5 42 9023
21 42 6350
19 42 2202
40 42 5069
8 42 772
18 42 5188
16 42 5412
2 42 586
9 42 641
32 42 2756
24 42 5797
3 42 4427
1 42 7508
10 43 1641
8 43 3293
27 43 2105
5 43 4005
20 43 8372
21 43 2864
37 43 504
34 43 5033
14 43 5964
36 43 6838
38 43 449
12 43 7406
41 43 3315
1 43 2965
13 43 645
40 43 1707
7 43 8976
16 43 5906
33 43 6605
0 43 5765
9 43 1142
36 44 9640
31 44 2510
11 44 3197
10 44 6916
2 44 5382
35 44 3464
21 44 8234
26 44 6672
16 44 8928
0 44 1712
24 44 2505
14 44 5583
22 44 698
29 44 748
20 44 657
13 44 1233
27 44 4766
5 44 6888
18 44 4561
19 44 3961
40 44 5109
2 45 9402
9 45 962
14 45 1606
3 45 4416
33 45 2598
26 45 8819
8 45 7769
44 45 9439
11 45 1385
36 45 7815
1 45 3670
24 45 2479
23 45 1859
31 45 5594
7 45 5725
37 45 5123
20 45 1621
0 45 1522
6 45 5249
41 45 3623
38 45 2581
40 46 684
24 46 8703
17 46 2398
22 46 6824
3 46 9055
16 46 2925
20 46 249
19 46 2827
21 46 7974
10 46 4140
9 46 440
11 46 3696
34 46 3559
18 46 5809
36 46 9144
44 46 2368
33 46 269
23 46 859
28 46 857
8 46 4793
45 46 7323
42 47 1303
25 47 2583
27 47 8780
11 47 3222
36 47 5424
18 47 2782
2 47 9507
4 47 8075
22 47 2482
40 47 3299
38 47 4383
41 47 86
30 47 2378
21 47 8509
5 47 2447
1 47 4929
23 47 887
33 47 8867
24 47 3293
0 47 8738
17 47 5377
46 48 4068
18 48 5295
3 48 1010
26 48 4780
11 48 3725
23 48 8518
47 48 4476
21 48 8460
14 48 8514
13 48 9358
24 48 4963
22 48 6676
2 48 3575
6 48 9043
38 48 6555
37 48 8062
45 48 2172
12 48 1810
1 48 2215
4 48 7766
43 48 7996
7 49 7378
2 49 7894
17 49 2956
13 49 802
9 49 7474
28 49 5815
4 49 1596
11 49 5073
31 49 1201
23 49 1427
48 49 5150
42 49 8943
19 49 8636
36 49 3437
40 49 1002
35 49 1066
33 49 5004
10 49 5422
6 49 8126
22 49 280
24 49 5778
28 50 7091
21 50 1587
1 50 4038
9 50 2503
26 50 8743
6 50 2171
4 50 4128
36 50 2163
14 50 6597
11 50 2225
23 50 1862
18 50 9658
3 50 9858
16 50 8588
12 50 399
19 50 1971
29 50 312
20 50 7416
5 50 3274
48 50 2620
8 50 2044
34 51 7927
10 51 3402
4 51 9761
32 51 6241
6 51 9358
49 51 8446
16 51 8711
42 51 3949
9 51 5916
17 51 9622
21 51 1982
20 51 2747
3 51 3183
12 51 1487
1 51 6157
19 51 6388
13 51 4735
14 51 5682
11 51 4538
47 51 6816
23 51 8350
36 52 8036
0 52 8712
2 52 6508
21 52 6732
47 52 7297
1 52 8776
20 52 2088
48 52 8145
10 52 7021
29 52 4327
50 52 5038
44 52 9956
23 52 7117
12 52 8034
16 52 1407
24 52 5304
19 52 8802
34 52 9020
25 52 2075
15 52 6852
31 52 1469
32 53 3766
10 53 243
44 53 9602
30 53 2123
2 53 4669
37 53 6876
21 53 8352
40 53 548
1 53 9906
16 53 9038
9 53 1867
48 53 9649
43 53 8263
42 53 2302
12 53 3115
28 53 3014
11 53 5825
17 53 6392
38 53 1076
0 53 4852
23 53 6298
8 54 1031
26 54 9711
37 54 1796
23 54 5194
33 54 6222
31 54 7880
1 54 2845
24 54 1121
19 54 3177
17 54 1800
18 54 1707
27 54 1444
2 54 8578
9 54 7222
12 54 3503
47 54 4058
28 54 5151
5 54 5895
49 54 7598
13 54 5216
32 54 4905
13 55 9719
38 55 7156
3 55 9994
14 55 4152
36 55 854
5 55 1623
25 55 2033
46 55 1289
30 55 9582
37 55 832
15 55 8014
34 55 5696
9 55 2827
21 55 3502
16 55 9619
11 55 7323
32 55 7956
22 55 6404
48 55 2545
31 55 5427
10 55 5061
1 56 9330
10 56 2993
43 56 8414
15 56 1786
26 56 8592
5 56 626
24 56 7999
2 56 4974
31 56 4598
4 56 7571
55 56 8693
44 56 7339
37 56 7485
8 56 461
38 56 8768
25 56 9587
22 56 4754
45 56 574
14 56 6598
9 56 2697
20 56 7312
34 57 2251
5 57 9134
24 57 5189
3 57 7774
0 57 7454
13 57 1531
53 57 9250
7 57 7528
6 57 9261
1 57 9667
20 57 1296
16 57 6737
51 57 7561
26 57 5408
36 57 5042
37 57 6607
35 57 3098
12 57 5855
14 57 3568
21 57 9643
25 57 1238
48 58 9637
21 58 2392
14 58 388
18 58 7087
45 58 7601
16 58 5633
44 58 2647
8 58 6691
20 58 7008
26 58 2592
0 58 9313
29 58 5382
13 58 1694
36 58 4058
57 58 9202
5 58 9953
24 58 7491
9 58 3637
7 58 614
51 58 9547
4 58 4487
47 59 6678
44 59 3684
9 59 27
35 59 3663
51 59 4946
8 59 7891
40 59 174
19 59 1372
14 59 538
48 59 7048
7 59 6925
21 59 2705
2 59 3213
12 59 5629
22 59 4252
29 59 6433
36 59 9062
4 59 6302
53 59 2556
23 59 5714
25 59 8249
