100 1790
0 1 596
0 2 380
1 2 633
0 3 434
1 3 942
2 3 216
0 4 942
1 4 325
2 4 905
3 4 230
0 5 737
1 5 522
2 5 816
3 5 85
4 5 709
0 6 318
1 6 191
2 6 799
3 6 401
4 6 87
5 6 871
0 7 607
1 7 935
2 7 855
3 7 550
4 7 484
5 7 390
6 7 316
0 8 174
1 8 647
2 8 254
3 8 349
4 8 402
5 8 445
6 8 325
7 8 360
0 9 69
1 9 215
2 9 904
3 9 844
4 9 455
5 9 941
6 9 882
7 9 441
8 9 295
0 10 831
1 10 233
2 10 646
3 10 797
4 10 797
5 10 77
6 10 677
7 10 652
8 10 929
9 10 714
0 11 225
1 11 426
2 11 771
3 11 120
4 11 111
5 11 475
6 11 322
7 11 395
8 11 133
9 11 979
10 11 207
0 12 190
1 12 712
2 12 654
3 12 900
4 12 806
5 12 701
6 12 358
7 12 802
8 12 244
9 12 151
10 12 511
11 12 283
0 13 216
1 13 712
2 13 29
3 13 567
4 13 493
5 13 447
6 13 679
7 13 283
8 13 541
9 13 580
10 13 955
11 13 373
12 13 239
0 14 155
1 14 537
2 14 77
3 14 851
4 14 512
5 14 402
6 14 789
7 14 578
8 14 597
9 14 276
10 14 723
11 14 846
12 14 469
13 14 477
0 15 385
1 15 302
2 15 778
3 15 72
4 15 504
5 15 273
6 15 487
7 15 764
8 15 366
9 15 175
10 15 164
11 15 749
12 15 468
13 15 400
14 15 679
0 16 185
1 16 551
2 16 114
3 16 391
4 16 366
5 16 379
6 16 195
7 16 232
8 16 81
9 16 20
10 16 825
11 16 51
12 16 496
13 16 808
14 16 106
15 16 788
0 17 37
1 17 738
2 17 34
3 17 514
4 17 213
5 17 410
6 17 377
7 17 213
8 17 598
9 17 821
10 17 538
11 17 575
12 17 265
13 17 549
14 17 133
15 17 511
16 17 521
0 18 552
1 18 821
2 18 100
3 18 532
4 18 529
5 18 558
6 18 46
7 18 481
8 18 795
9 18 255
10 18 859
11 18 857
12 18 864
13 18 552
14 18 72
15 18 167
16 18 844
17 18 20
0 19 352
1 19 497
2 19 682
3 19 832
4 19 897
5 19 38
6 19 533
7 19 192
8 19 931
9 19 362
10 19 808
11 19 915
12 19 389
13 19 44
14 19 364
15 19 197
16 19 650
17 19 360
18 19 63
0 20 77
1 20 150
2 20 648
3 20 111
4 20 436
5 20 911
6 20 905
7 20 278
8 20 712
9 20 827
10 20 269
11 20 555
12 20 86
13 20 534
14 20 229
15 20 17
16 20 65
17 20 887
18 20 533
19 20 322
19 21 665
6 21 272
16 21 379
14 21 39
2 21 425
7 21 403
13 21 757
15 21 450
9 21 423
18 21 912
17 21 68
11 21 359
1 21 441
10 21 477
12 21 163
0 21 117
20 21 301
5 21 363
8 21 926
4 21 224
11 22 319
3 22 114
15 22 135
21 22 695
7 22 56
17 22 222
9 22 755
0 22 387
16 22 126
4 22 35
18 22 994
20 22 446
6 22 284
12 22 47
19 22 315
1 22 343
2 22 974
13 22 417
8 22 486
10 22 724
0 23 755
2 23 419
22 23 864
13 23 565
5 23 768
10 23 300
11 23 71
20 23 510
6 23 778
3 23 117
1 23 562
18 23 415
9 23 791
7 23 341
8 23 504
4 23 638
17 23 533
14 23 372
16 23 208
21 23 857
1 24 93
12 24 862
10 24 454
21 24 892
9 24 238
2 24 454
11 24 16
8 24 354
18 24 149
0 24 923
4 24 791
22 24 532
19 24 318
5 24 850
20 24 821
17 24 764
3 24 918
13 24 409
23 24 912
14 24 363
2 25 754
8 25 570
11 25 147
16 25 256
9 25 778
21 25 196
12 25 393
22 25 5
18 25 565
5 25 658
13 25 561
17 25 409
10 25 193
20 25 1000
23 25 439
15 25 300
1 25 902
3 25 489
7 25 763
14 25 389
19 26 147
6 26 347
2 26 152
13 26 372
5 26 785
17 26 912
3 26 198
16 26 114
9 26 635
1 26 529
12 26 334
11 26 609
8 26 787
14 26 740
18 26 309
7 26 343
23 26 537
25 26 117
4 26 763
21 26 764
24 27 856
20 27 265
15 27 919
25 27 263
9 27 324
12 27 539
6 27 350
0 27 221
3 27 716
4 27 889
22 27 216
17 27 578
7 27 708
10 27 651
11 27 245
14 27 749
2 27 360
8 27 792
1 27 569
18 27 362
2 28 825
26 28 702
9 28 55
27 28 718
25 28 90
21 28 53
18 28 496
17 28 207
5 28 525
12 28 387
8 28 211
20 28 114
15 28 962
3 28 747
14 28 467
1 28 683
13 28 354
16 28 466
24 28 791
23 28 162
12 29 377
8 29 464
9 29 416
11 29 686
17 29 850
25 29 619
4 29 889
0 29 133
15 29 636
19 29 596
20 29 155
21 29 125
13 29 979
18 29 773
27 29 977
16 29 406
6 29 682
7 29 453
1 29 953
2 29 697
8 30 705
7 30 755
17 30 851
13 30 168
16 30 381
27 30 90
22 30 124
26 30 681
10 30 844
15 30 942
21 30 742
20 30 453
23 30 399
25 30 673
11 30 927
2 30 132
4 30 809
0 30 280
3 30 110
5 30 169
12 31 446
13 31 205
14 31 694
17 31 360
20 31 277
30 31 418
8 31 356
23 31 400
6 31 910
27 31 406
15 31 361
4 31 406
2 31 103
26 31 264
3 31 709
9 31 745
11 31 577
16 31 639
7 31 16
5 31 150
20 32 600
14 32 521
15 32 520
26 32 492
3 32 534
11 32 272
17 32 429
9 32 908
1 32 753
18 32 809
29 32 355
4 32 823
21 32 844
27 32 992
23 32 620
12 32 822
31 32 667
19 32 348
10 32 428
16 32 132
9 33 17
10 33 510
20 33 891
18 33 41
2 33 622
7 33 85
25 33 482
32 33 322
29 33 506
21 33 642
11 33 955
5 33 170
3 33 962
27 33 443
14 33 150
1 33 560
12 33 486
26 33 995
31 33 171
24 33 765
29 34 311
32 34 406
23 34 400
16 34 454
7 34 873
9 34 430
12 34 637
20 34 57
5 34 644
19 34 252
21 34 668
3 34 905
2 34 350
22 34 260
14 34 82
10 34 440
24 34 42
27 34 281
11 34 160
1 34 726
21 35 181
30 35 798
0 35 979
23 35 612
34 35 149
1 35 215
12 35 838
25 35 988
7 35 719
33 35 309
9 35 506
22 35 656
2 35 229
24 35 35
14 35 559
11 35 609
28 35 969
16 35 334
13 35 878
27 35 67
2 36 259
23 36 204
4 36 966
34 36 915
11 36 562
29 36 997
18 36 272
19 36 956
12 36 309
33 36 350
14 36 605
22 36 868
25 36 887
6 36 162
28 36 594
21 36 468
1 36 832
32 36 34
3 36 884
31 36 402
2 37 444
36 37 479
27 37 430
5 37 516
17 37 764
8 37 228
16 37 50
9 37 290
13 37 730
7 37 118
11 37 236
31 37 861
19 37 269
18 37 496
24 37 701
20 37 863
3 37 615
34 37 226
4 37 914
14 37 23
15 38 602
23 38 38
16 38 681
5 38 944
14 38 90
25 38 810
8 38 115
31 38 429
21 38 63
1 38 605
6 38 409
2 38 114
32 38 174
24 38 480
26 38 986
27 38 417
28 38 842
22 38 13
36 38 477
12 38 111
31 39 672
28 39 407
2 39 222
22 39 650
27 39 649
20 39 802
21 39 16
30 39 734
14 39 887
11 39 512
29 39 985
9 39 422
12 39 450
5 39 752
6 39 473
1 39 809
32 39 305
24 39 729
10 39 875
35 39 304
33 40 588
7 40 582
1 40 785
29 40 845
20 40 994
11 40 892
3 40 171
35 40 762
12 40 89
5 40 171
25 40 90
18 40 203
39 40 678
23 40 466
31 40 426
38 40 525
16 40 794
15 40 184
21 40 159
27 40 214
32 41 393
2 41 524
31 41 910
7 41 973
1 41 395
17 41 475
23 41 530
3 41 317
22 41 534
27 41 319
15 41 314
35 41 684
11 41 101
16 41 316
18 41 576
8 41 868
19 41 171
9 41 628
20 41 599
21 41 41
13 42 357
27 42 679
8 42 820
14 42 542
28 42 592
39 42 344
31 42 357
9 42 84
33 42 820
36 42 842
35 42 809
34 42 237
23 42 458
6 42 803
41 42 340
32 42 602
26 42 223
21 42 521
7 42 600
16 42 804
7 43 978
38 43 293
39 43 669
19 43 819
24 43 518
14 43 708
40 43 305
8 43 25
25 43 175
26 43 989
4 43 38
6 43 990
35 43 168
28 43 213
37 43 769
20 43 640
27 43 172
0 43 535
5 43 103
17 43 968
42 44 11
16 44 438
21 44 446
5 44 644
17 44 720
6 44 891
31 44 392
28 44 721
11 44 273
2 44 28
8 44 499
9 44 453
18 44 711
3 44 327
12 44 762
32 44 361
4 44 543
41 44 558
27 44 880
10 44 244
28 45 282
13 45 74
14 45 136
9 45 503
12 45 916
20 45 585
18 45 431
11 45 456
21 45 731
35 45 321
5 45 801
42 45 887
43 45 957
23 45 431
44 45 630
32 45 849
33 45 866
0 45 341
1 45 878
41 45 139
7 46 678
17 46 807
34 46 341
28 46 95
43 46 668
1 46 805
22 46 229
45 46 511
15 46 983
39 46 986
23 46 791
27 46 661
5 46 418
2 46 143
20 46 790
3 46 921
12 46 586
24 46 353
11 46 454
31 46 371
26 47 617
33 47 296
20 47 745
21 47 747
11 47 865
38 47 972
0 47 172
14 47 768
13 47 31
2 47 604
40 47 281
12 47 753
24 47 68
37 47 312
30 47 739
27 47 850
22 47 563
15 47 327
18 47 353
1 47 142
24 48 249
11 48 391
13 48 928
15 48 337
33 48 171
25 48 22
10 48 878
20 48 14
3 48 321
1 48 94
9 48 294
5 48 599
29 48 81
37 48 724
2 48 243
36 48 432
41 48 234
16 48 813
14 48 303
45 48 695
13 49 310
45 49 557
22 49 281
15 49 773
17 49 961
16 49 917
32 49 409
21 49 821
20 49 450
19 49 371
30 49 180
0 49 587
4 49 694
25 49 843
7 49 364
27 49 713
1 49 549
5 49 712
47 49 249
6 49 844
17 50 13
19 50 945
25 50 438
11 50 538
41 50 17
10 50 340
4 50 907
0 50 24
21 50 745
23 50 758
20 50 675
27 50 717
3 50 276
1 50 620
18 50 425
7 50 651
42 50 504
32 50 78
48 50 22
46 50 799
41 51 58
3 51 298
10 51 644
16 51 20
21 51 199
34 51 671
17 51 411
18 51 199
7 51 28
26 51 852
25 51 319
8 51 711
48 51 508
49 51 518
1 51 553
35 51 969
19 51 589
38 51 280
39 51 740
2 51 214
28 52 727
27 52 720
29 52 867
5 52 846
0 52 710
19 52 266
31 52 490
49 52 951
38 52 243
21 52 400
20 52 871
22 52 769
9 52 106
18 52 238
39 52 184
35 52 646
11 52 91
14 52 956
13 52 520
46 52 696
20 53 621
38 53 722
22 53 1
13 53 559
52 53 697
51 53 992
26 53 134
45 53 216
24 53 204
3 53 475
9 53 917
39 53 867
8 53 51
16 53 486
11 53 460
35 53 981
12 53 336
37 53 113
19 53 519
21 53 650
25 54 801
6 54 361
29 54 246
48 54 37
31 54 966
28 54 952
22 54 990
18 54 172
10 54 703
24 54 86
8 54 847
53 54 146
36 54 722
12 54 222
35 54 22
43 54 716
5 54 700
41 54 612
11 54 423
0 54 115
4 55 789
3 55 91
14 55 205
25 55 861
0 55 259
47 55 738
21 55 36
5 55 638
28 55 876
24 55 114
22 55 211
20 55 871
1 55 848
16 55 278
9 55 112
12 55 3
42 55 271
27 55 848
19 55 701
8 55 423
21 56 693
10 56 275
11 56 630
32 56 385
48 56 661
18 56 805
27 56 685
53 56 796
46 56 457
7 56 567
8 56 395
6 56 962
12 56 805
43 56 292
41 56 393
19 56 646
17 56 176
1 56 422
9 56 701
22 56 255
10 57 139
28 57 908
17 57 699
5 57 297
21 57 597
13 57 618
3 57 796
11 57 417
14 57 723
1 57 82
30 57 862
19 57 8
9 57 120
22 57 227
16 57 388
39 57 715
29 57 350
33 57 122
4 57 955
23 57 553
51 58 72
36 58 894
23 58 522
56 58 276
31 58 651
30 58 365
34 58 843
21 58 306
57 58 943
35 58 771
1 58 358
44 58 935
37 58 684
12 58 857
54 58 804
2 58 869
47 58 552
9 58 978
19 58 158
38 58 306
25 59 572
15 59 560
41 59 146
8 59 904
33 59 812
32 59 379
50 59 216
24 59 409
0 59 360
20 59 389
23 59 381
11 59 887
43 59 24
5 59 142
21 59 428
54 59 511
1 59 644
49 59 454
45 59 769
27 59 492
41 60 815
49 60 624
16 60 512
22 60 429
35 60 881
0 60 946
24 60 102
12 60 736
5 60 784
40 60 4
8 60 170
27 60 268
11 60 923
13 60 225
45 60 137
25 60 272
32 60 16
30 60 85
42 60 571
28 60 949
22 61 93
37 61 934
17 61 842
46 61 243
11 61 134
28 61 272
12 61 312
34 61 774
2 61 80
26 61 174
10 61 769
54 61 663
33 61 445
48 61 249
3 61 740
24 61 546
1 61 6
13 61 961
7 61 517
20 61 929
43 62 196
10 62 676
25 62 437
35 62 394
37 62 406
23 62 188
16 62 707
6 62 50
36 62 271
38 62 677
15 62 384
20 62 69
11 62 490
40 62 763
51 62 714
4 62 134
49 62 314
0 62 102
7 62 11
12 62 665
32 63 346
38 63 997
62 63 200
43 63 534
10 63 947
57 63 167
12 63 65
44 63 641
49 63 568
5 63 624
34 63 486
1 63 858
11 63 835
22 63 871
45 63 338
8 63 541
0 63 278
27 63 585
53 63 427
39 63 59
13 64 166
38 64 391
27 64 151
7 64 488
1 64 884
0 64 476
15 64 607
52 64 133
48 64 879
58 64 847
41 64 783
4 64 425
2 64 102
23 64 721
50 64 77
60 64 888
19 64 127
11 64 780
21 64 31
12 64 878
30 65 761
54 65 345
5 65 761
32 65 255
24 65 211
29 65 505
62 65 84
9 65 133
21 65 655
33 65 108
64 65 79
8 65 51
10 65 558
17 65 196
28 65 955
6 65 489
35 65 324
26 65 558
4 65 296
61 65 74
12 66 563
23 66 680
11 66 568
24 66 323
21 66 884
54 66 695
28 66 853
5 66 358
47 66 638
57 66 645
10 66 625
4 66 470
3 66 756
45 66 410
44 66 526
19 66 51
2 66 619
39 66 740
25 66 513
34 66 393
0 67 643
43 67 374
40 67 961
27 67 868
9 67 149
56 67 8
21 67 637
53 67 977
6 67 691
31 67 293
3 67 431
47 67 710
38 67 485
44 67 810
18 67 992
11 67 54
46 67 196
20 67 419
58 67 183
5 67 948
5 68 349
36 68 902
50 68 857
23 68 170
58 68 909
41 68 313
6 68 367
19 68 313
1 68 993
20 68 74
17 68 948
9 68 660
52 68 208
32 68 812
12 68 947
53 68 17
22 68 124
49 68 396
4 68 305
27 68 731
3 69 451
27 69 739
28 69 569
31 69 76
0 69 426
11 69 415
38 69 37
57 69 379
19 69 455
8 69 424
40 69 321
7 69 731
12 69 983
58 69 127
4 69 711
2 69 48
34 69 122
67 69 22
5 69 38
14 69 698
64 70 924
2 70 923
17 70 337
28 70 561
53 70 500
60 70 809
33 70 915
49 70 515
1 70 326
5 70 515
13 70 269
38 70 992
30 70 961
15 70 31
36 70 495
54 70 237
25 70 771
16 70 152
19 70 143
45 70 155
35 71 478
13 71 597
19 71 20
61 71 357
7 71 174
20 71 196
27 71 105
18 71 385
3 71 318
8 71 457
38 71 782
53 71 735
32 71 8
44 71 327
4 71 83
56 71 834
66 71 307
26 71 248
6 71 901
69 71 277
20 72 549
35 72 618
68 72 460
42 72 710
24 72 434
27 72 513
9 72 124
3 72 516
16 72 776
7 72 234
0 72 177
4 72 359
18 72 128
36 72 436
33 72 402
50 72 859
29 72 754
66 72 352
13 72 97
47 72 896
72 73 639
36 73 15
17 73 408
37 73 18
5 73 463
19 73 494
53 73 966
55 73 970
70 73 962
52 73 634
14 73 679
7 73 488
6 73 547
8 73 508
35 73 169
33 73 980
1 73 586
50 73 47
23 73 225
2 73 792
64 74 209
23 74 615
24 74 107
53 74 919
10 74 101
20 74 371
11 74 236
71 74 312
31 74 284
70 74 391
37 74 812
73 74 436
65 74 509
63 74 658
21 74 86
15 74 656
50 74 581
9 74 664
28 74 704
3 74 527
26 75 326
74 75 279
38 75 573
32 75 306
15 75 900
52 75 982
7 75 409
2 75 563
72 75 663
28 75 36
51 75 345
33 75 543
50 75 110
69 75 823
44 75 583
19 75 133
9 75 862
31 75 27
3 75 807
4 75 21
64 76 720
41 76 542
37 76 690
54 76 936
7 76 447
30 76 739
3 76 669
74 76 414
16 76 975
25 76 948
11 76 417
40 76 8
36 76 766
2 76 366
18 76 865
9 76 387
42 76 866
46 76 614
33 76 382
60 76 671
14 77 533
50 77 747
36 77 421
40 77 170
29 77 269
21 77 568
57 77 634
55 77 479
11 77 353
24 77 872
23 77 628
17 77 681
26 77 34
56 77 149
3 77 288
76 77 259
15 77 509
44 77 462
74 77 870
2 77 631
29 78 78
28 78 295
7 78 466
46 78 455
32 78 956
37 78 488
12 78 187
57 78 391
5 78 570
71 78 505
19 78 639
15 78 762
8 78 216
22 78 365
68 78 204
24 78 50
27 78 594
11 78 369
70 78 310
53 78 23
2 79 671
66 79 205
34 79 906
8 79 816
27 79 487
4 79 89
12 79 959
9 79 670
57 79 100
28 79 872
67 79 335
55 79 135
22 79 214
24 79 463
0 79 813
1 79 533
41 79 686
15 79 754
69 79 654
21 79 546
23 80 500
2 80 30
45 80 963
55 80 393
30 80 458
13 80 466
11 80 442
64 80 954
79 80 36
41 80 603
49 80 528
66 80 272
9 80 592
16 80 818
60 80 714
17 80 37
3 80 777
4 80 185
43 80 55
7 80 994
62 81 713
64 81 40
45 81 450
59 81 666
43 81 87
3 81 531
23 81 759
5 81 71
27 81 301
15 81 998
51 81 995
70 81 393
2 81 743
57 81 893
33 81 60
19 81 110
42 81 757
24 81 883
78 81 342
8 81 109
13 82 534
10 82 623
7 82 313
60 82 93
55 82 780
17 82 630
19 82 781
8 82 485
23 82 417
38 82 408
63 82 818
5 82 528
70 82 258
25 82 600
54 82 28
41 82 7
44 82 801
45 82 609
27 82 244
20 82 54
43 83 384
48 83 604
22 83 941
70 83 742
72 83 643
10 83 680
13 83 46
49 83 97
14 83 884
80 83 718
17 83 276
42 83 216
16 83 740
34 83 842
11 83 440
7 83 525
40 83 137
51 83 267
19 83 507
26 83 824
26 84 623
8 84 918
33 84 387
30 84 200
5 84 470
1 84 690
2 84 942
27 84 929
68 84 113
69 84 770
19 84 824
22 84 899
61 84 300
55 84 584
4 84 850
40 84 137
38 84 456
11 84 523
48 84 600
46 84 555
65 85 30
45 85 641
71 85 383
58 85 523
51 85 67
31 85 758
50 85 727
37 85 288
5 85 496
74 85 550
82 85 958
19 85 456
12 85 56
15 85 442
70 85 552
75 85 657
0 85 436
34 85 768
42 85 861
59 85 990
22 86 201
41 86 268
42 86 786
8 86 611
24 86 485
28 86 702
18 86 27
50 86 906
81 86 377
29 86 535
64 86 234
69 86 483
10 86 831
1 86 254
16 86 122
32 86 493
2 86 984
85 86 907
74 86 697
11 86 696
3 87 430
21 87 383
41 87 701
56 87 404
55 87 855
44 87 544
5 87 794
64 87 161
69 87 11
15 87 343
8 87 596
47 87 261
2 87 388
83 87 487
28 87 985
36 87 937
16 87 784
18 87 814
20 87 773
54 87 961
26 88 365
18 88 878
22 88 509
28 88 307
33 88 673
27 88 509
31 88 26
34 88 84
16 88 219
12 88 32
63 88 503
32 88 353
19 88 534
20 88 93
70 88 27
39 88 316
84 88 127
71 88 730
2 88 738
38 88 364
21 89 694
78 89 594
13 89 231
76 89 349
4 89 34
33 89 846
9 89 828
3 89 142
72 89 335
14 89 233
22 89 535
32 89 92
61 89 821
19 89 844
86 89 888
25 89 182
70 89 662
15 89 608
82 89 979
36 89 435
7 90 806
12 90 294
70 90 892
40 90 265
69 90 480
41 90 413
16 90 453
34 90 217
61 90 105
45 90 345
11 90 738
68 90 991
52 90 10
86 90 820
36 90 865
21 90 962
4 90 278
5 90 507
19 90 459
9 90 859
47 91 473
5 91 340
8 91 47
45 91 402
59 91 446
70 91 620
48 91 825
60 91 128
37 91 965
42 91 358
67 91 744
1 91 856
7 91 343
28 91 912
4 91 239
85 91 177
62 91 2
41 91 542
39 91 47
21 91 308
18 92 629
50 92 950
83 92 413
30 92 953
54 92 708
22 92 788
9 92 838
38 92 180
11 92 840
68 92 959
63 92 888
78 92 596
13 92 241
7 92 714
44 92 298
85 92 44
4 92 73
47 92 194
52 92 24
28 92 770
21 93 601
51 93 28
16 93 476
5 93 928
17 93 567
82 93 357
28 93 263
67 93 389
3 93 618
27 93 843
74 93 957
46 93 665
44 93 463
65 93 457
50 93 144
29 93 580
43 93 566
86 93 913
76 93 959
73 93 771
11 94 992
61 94 521
0 94 377
87 94 982
8 94 428
86 94 456
50 94 691
34 94 959
54 94 987
29 94 694
69 94 45
48 94 496
4 94 414
28 94 563
18 94 37
23 94 161
78 94 424
21 94 790
55 94 994
88 94 648
33 95 442
75 95 820
13 95 893
21 95 755
41 95 294
4 95 896
34 95 480
5 95 937
58 95 957
7 95 733
16 95 821
57 95 30
35 95 412
71 95 319
93 95 456
83 95 877
25 95 240
11 95 349
51 95 544
20 95 279
38 96 648
21 96 456
19 96 710
13 96 537
32 96 92
62 96 761
23 96 537
30 96 412
14 96 909
85 96 214
37 96 337
29 96 535
9 96 43
56 96 167
27 96 251
0 96 56
26 96 152
7 96 10
83 96 565
10 96 977
11 97 901
36 97 979
62 97 812
29 97 253
2 97 797
23 97 682
67 97 294
54 97 756
69 97 146
0 97 712
18 97 530
14 97 915
39 97 391
47 97 263
84 97 7
16 97 2
17 97 94
86 97 514
20 97 187
68 97 575
84 98 531
4 98 747
17 98 502
32 98 529
16 98 667
50 98 441
77 98 566
81 98 69
21 98 685
18 98 215
94 98 537
31 98 643
93 98 635
64 98 373
0 98 747
20 98 581
13 98 653
35 98 710
86 98 750
15 98 257
10 99 853
42 99 200
32 99 269
52 99 774
27 99 414
62 99 893
14 99 385
8 99 360
13 99 393
7 99 612
82 99 353
3 99 604
22 99 469
85 99 662
72 99 928
93 99 497
75 99 972
11 99 335
50 99 100
20 99 605
