300 3234
0 1 8043
0 2 5229
1 2 7989
0 3 6687
1 3 5641
2 3 9208
0 4 2252
1 4 1340
2 4 30
3 4 9573
0 5 389
1 5 6216
2 5 3974
3 5 9630
4 5 1852
0 6 2258
1 6 5169
2 6 719
3 6 5219
4 6 1224
5 6 7777
0 7 7199
1 7 4360
2 7 4821
3 7 3681
4 7 1404
5 7 6942
6 7 3988
0 8 5007
1 8 1955
2 8 7818
3 8 868
4 8 7022
5 8 9114
6 8 4302
7 8 8364
0 9 5146
1 9 4491
2 9 5188
3 9 286
4 9 494
5 9 870
6 9 2625
7 9 9775
8 9 7533
0 10 6414
1 10 2517
2 10 6722
3 10 5164
4 10 727
5 10 8541
6 10 7155
7 10 8681
8 10 3210
9 10 9239
0 11 1639
1 11 140
2 11 4464
3 11 1502
4 11 9732
5 11 2194
6 11 6270
7 11 3392
8 11 2927
9 11 6326
10 11 3769
10 12 7944
6 12 8993
5 12 5036
0 12 5105
4 12 4904
8 12 469
1 12 2135
2 12 9695
9 12 3428
3 12 625
7 12 9383
11 13 2094
5 13 130
6 13 8762
1 13 952
9 13 8919
2 13 7530
0 13 4451
4 13 307
12 13 5545
3 13 6268
7 13 4202
6 14 6380
0 14 5882
4 14 7025
2 14 6050
7 14 8701
10 14 3970
12 14 2715
13 14 6061
8 14 6310
1 14 9511
5 14 8907
2 15 1540
3 15 9270
1 15 6817
13 15 1580
7 15 7128
6 15 3213
0 15 4075
9 15 609
4 15 3979
8 15 8560
10 15 1286
15 16 955
9 16 9303
5 16 7535
1 16 9810
14 16 454
2 16 6185
11 16 2735
3 16 3647
4 16 6763
12 16 4331
6 16 3683
15 17 4704
4 17 9760
5 17 3655
13 17 1280
7 17 1853
3 17 4291
6 17 1159
11 17 7711
9 17 9368
10 17 882
2 17 4471
13 18 1226
11 18 2498
6 18 4354
12 18 3612
4 18 3305
2 18 1042
14 18 390
1 18 2315
17 18 6523
9 18 863
8 18 589
3 19 3621
17 19 5567
0 19 6861
13 19 7297
9 19 9509
7 19 240
15 19 6496
11 19 3473
2 19 7630
6 19 5272
10 19 8750
13 20 9037
6 20 1690
2 20 3156
19 20 2376
3 20 651
12 20 7458
1 20 9890
11 20 2839
10 20 3288
5 20 7276
14 20 8434
1 21 2073
9 21 3813
12 21 2957
14 21 6538
3 21 2477
18 21 718
20 21 5126
10 21 3010
2 21 3458
15 21 4667
13 21 3046
4 22 5401
19 22 3009
8 22 8337
7 22 1449
3 22 5957
17 22 7912
2 22 6006
16 22 8973
15 22 3281
1 22 7461
5 22 9729
18 23 3242
2 23 1580
5 23 2532
6 23 3555
13 23 4464
19 23 6193
8 23 1644
16 23 6962
11 23 8652
12 23 7086
7 23 6634
10 24 502
17 24 1081
13 24 80
16 24 3811
20 24 411
11 24 2682
14 24 8972
7 24 6578
3 24 5942
12 24 6143
18 24 3415
9 25 5296
1 25 4848
3 25 1297
16 25 34
23 25 9822
0 25 1571
2 25 7985
14 25 5118
5 25 6723
8 25 5008
24 25 6224
10 26 450
2 26 386
17 26 7552
4 26 1948
18 26 6064
12 26 1948
3 26 7138
24 26 7047
7 26 6866
20 26 6063
0 26 464
3 27 6072
24 27 3614
17 27 8819
7 27 1712
12 27 2923
1 27 3099
13 27 6465
18 27 994
22 27 5442
0 27 1459
21 27 3483
12 28 5562
7 28 9322
2 28 9616
4 28 7235
17 28 2425
8 28 2132
3 28 1961
23 28 3506
19 28 5961
5 28 9783
25 28 4497
9 29 5517
13 29 3929
23 29 689
7 29 1581
5 29 160
25 29 7262
2 29 7587
8 29 2516
15 29 8141
1 29 7310
11 29 5601
12 30 3339
3 30 1897
24 30 1011
16 30 6940
11 30 7434
4 30 3148
9 30 9659
29 30 1021
1 30 2173
28 30 7373
8 30 1602
26 31 8942
5 31 1850
17 31 8411
13 31 1181
19 31 2361
29 31 8605
25 31 5703
2 31 9584
7 31 7524
12 31 5669
28 31 4659
11 32 7894
2 32 1372
14 32 5860
16 32 5382
1 32 9998
13 32 8666
22 32 8063
10 32 6931
24 32 3069
7 32 6259
30 32 5632
5 33 5832
4 33 3690
1 33 1500
24 33 6405
3 33 7188
22 33 7620
30 33 3386
19 33 5412
29 33 2446
20 33 9995
15 33 2332
31 34 7334
16 34 1055
3 34 492
19 34 5012
10 34 3036
4 34 5660
24 34 7148
30 34 8450
28 34 8260
2 34 7535
6 34 1733
1 35 7227
6 35 2633
30 35 1145
3 35 3270
8 35 7830
10 35 1725
17 35 7071
26 35 4240
5 35 2495
12 35 1676
16 35 4280
29 36 5416
32 36 9773
16 36 6136
9 36 3095
4 36 762
35 36 3345
24 36 9386
13 36 4479
18 36 2216
8 36 4214
31 36 5871
8 37 5097
11 37 1321
7 37 5239
13 37 6854
1 37 4261
27 37 7903
3 37 9039
20 37 6526
15 37 2165
24 37 8907
6 37 8650
12 38 7681
36 38 7548
11 38 4735
10 38 9416
8 38 2083
14 38 9223
34 38 9606
4 38 3984
2 38 323
32 38 9001
26 38 2784
26 39 4949
7 39 6801
38 39 4314
2 39 7691
8 39 2279
0 39 6976
36 39 1422
11 39 7188
12 39 6179
6 39 9601
27 39 732
12 40 4953
4 40 7981
0 40 294
1 40 2260
33 40 4195
7 40 6918
17 40 2357
28 40 2486
9 40 4491
11 40 6014
14 40 1081
7 41 8879
10 41 4153
28 41 5497
20 41 3057
4 41 6515
32 41 5585
34 41 6250
12 41 2109
38 41 1469
25 41 7794
5 41 6906
3 42 4113
28 42 211
1 42 8166
29 42 4878
4 42 2035
12 42 6831
38 42 9905
24 42 5666
2 42 1328
32 42 2208
23 42 1175
37 43 795
31 43 5110
22 43 920
41 43 6727
12 43 359
4 43 6358
7 43 4683
14 43 9536
0 43 2138
1 43 8383
32 43 242
5 44 9364
19 44 8500
10 44 6579
14 44 1137
0 44 1462
6 44 3073
22 44 8134
20 44 8592
12 44 928
32 44 5854
36 44 5679
10 45 3860
33 45 493
39 45 9832
31 45 8615
22 45 9948
44 45 3689
36 45 229
1 45 7125
40 45 8158
34 45 8655
6 45 9726
19 46 3283
31 46 8924
29 46 2946
42 46 1091
22 46 8893
11 46 4969
8 46 7363
10 46 313
3 46 12
25 46 5274
14 46 8509
3 47 6094
7 47 4920
27 47 8691
2 47 3165
9 47 3715
14 47 2078
43 47 587
12 47 2773
19 47 4120
0 47 5150
38 47 274
13 48 8021
6 48 5771
19 48 6234
33 48 5826
18 48 2063
14 48 726
42 48 5886
25 48 4038
1 48 4781
0 48 9390
28 48 8227
5 49 698
26 49 6058
8 49 5540
6 49 5670
4 49 9972
13 49 9361
42 49 5393
18 49 3607
35 49 621
11 49 3576
29 49 9037
14 50 4865
12 50 5188
11 50 5854
20 50 2698
2 50 6894
0 50 9680
8 50 8962
32 50 5177
17 50 696
15 50 1584
5 50 7647
42 51 2789
35 51 5278
3 51 3103
19 51 940
8 51 8924
0 51 1200
32 51 8252
17 51 4094
12 51 239
1 51 2011
39 51 9655
32 52 4375
36 52 9958
6 52 4157
8 52 7505
34 52 966
11 52 4140
28 52 751
9 52 5443
10 52 7612
1 52 5433
26 52 8582
13 53 8317
25 53 7613
5 53 2903
27 53 9077
7 53 5420
43 53 4420
36 53 6550
52 53 7041
2 53 8435
30 53 4671
37 53 5247
12 54 2846
13 54 5844
11 54 9836
3 54 485
38 54 7788
26 54 12
4 54 7432
32 54 9949
33 54 270
10 54 6570
18 54 7736
19 55 9664
10 55 5808
47 55 1540
29 55 6762
9 55 6927
5 55 8762
4 55 9329
3 55 5215
35 55 1738
32 55 689
8 55 569
5 56 508
3 56 6050
34 56 2844
4 56 1190
2 56 2609
36 56 1831
16 56 9692
25 56 4852
46 56 3634
1 56 8771
29 56 7462
39 57 4318
31 57 5694
33 57 674
6 57 7133
52 57 7131
19 57 6987
42 57 1186
12 57 2021
16 57 6922
25 57 444
10 57 3480
24 58 6505
42 58 684
48 58 7416
2 58 5329
6 58 4422
30 58 5650
19 58 6766
8 58 5178
56 58 1899
9 58 7783
13 58 6364
6 59 6716
24 59 5151
41 59 113
33 59 8710
7 59 4678
27 59 5799
2 59 9639
43 59 2706
10 59 8597
36 59 3473
8 59 2590
6 60 5508
26 60 8362
38 60 3589
36 60 8924
12 60 4657
20 60 7254
2 60 5574
37 60 6346
56 60 736
29 60 207
46 60 4820
21 61 2533
8 61 5392
1 61 6038
35 61 1238
46 61 1944
19 61 4553
4 61 3551
42 61 6961
55 61 2893
27 61 7221
23 61 7319
31 62 5095
5 62 8952
58 62 2800
42 62 184
19 62 579
30 62 2688
17 62 323
29 62 9894
9 62 1674
28 62 607
25 62 7704
40 63 5223
12 63 7461
3 63 6225
50 63 2813
13 63 2530
29 63 3176
26 63 6212
44 63 8601
1 63 4782
22 63 6683
10 63 8908
6 64 5690
29 64 6444
39 64 9339
13 64 932
61 64 9719
23 64 9094
14 64 2445
48 64 7048
47 64 9002
25 64 1232
63 64 5486
39 65 7438
4 65 6560
16 65 112
33 65 5270
6 65 5432
8 65 2964
37 65 9745
31 65 5646
15 65 7170
29 65 7782
35 65 3298
28 66 6370
13 66 287
52 66 3819
35 66 8913
1 66 2303
5 66 6706
7 66 9278
41 66 6623
27 66 1382
38 66 6485
47 66 4528
19 67 9460
0 67 6164
6 67 535
35 67 8218
21 67 7147
27 67 5361
24 67 2839
39 67 2009
53 67 6027
10 67 6692
26 67 1686
12 68 5105
39 68 7527
7 68 9812
8 68 8459
35 68 7665
24 68 8638
37 68 7874
28 68 5170
11 68 4025
20 68 9281
42 68 6533
5 69 9208
3 69 1895
65 69 2726
28 69 2038
6 69 5363
2 69 5446
34 69 3206
40 69 4787
25 69 7013
29 69 2529
43 69 2410
28 70 4139
2 70 9916
12 70 3696
35 70 5984
46 70 6727
60 70 4178
8 70 5464
25 70 5672
21 70 2845
32 70 7763
67 70 4166
24 71 7815
64 71 6919
28 71 9393
65 71 4485
29 71 9854
42 71 1893
36 71 8870
33 71 8364
31 71 2842
20 71 4085
9 71 718
2 72 2869
19 72 8566
16 72 5593
56 72 8075
6 72 8404
26 72 5347
12 72 9163
35 72 9260
28 72 842
10 72 5054
71 72 7440
4 73 2489
10 73 5508
62 73 8529
20 73 558
33 73 2167
54 73 9516
69 73 5958
7 73 7952
21 73 5424
38 73 109
41 73 59
3 74 3220
2 74 8585
9 74 2627
30 74 2966
41 74 2897
29 74 8183
26 74 8719
8 74 7305
12 74 7940
57 74 5287
21 74 4409
74 75 1744
14 75 8836
43 75 2610
68 75 8293
28 75 4283
65 75 255
4 75 5331
1 75 1813
13 75 3587
15 75 3483
11 75 4302
73 76 2472
17 76 9452
6 76 9224
25 76 8767
12 76 6696
62 76 6960
40 76 9253
24 76 36
7 76 9364
36 76 6471
5 76 8584
40 77 5440
69 77 8936
8 77 6911
25 77 7589
2 77 3515
51 77 1599
22 77 8391
4 77 7561
29 77 9933
65 77 3464
13 77 269
41 78 8339
19 78 2708
62 78 9815
10 78 9441
43 78 2015
5 78 2678
46 78 3390
67 78 6697
1 78 1479
44 78 4163
49 78 5630
10 79 6347
32 79 8055
65 79 5249
37 79 1913
52 79 6064
16 79 3479
5 79 3971
38 79 6723
48 79 2955
6 79 2185
51 79 4343
37 80 7788
30 80 9377
50 80 9494
3 80 2821
72 80 5928
13 80 1908
38 80 4171
70 80 1264
61 80 1813
56 80 6372
52 80 9950
27 81 3813
67 81 5387
20 81 821
22 81 5986
59 81 7272
56 81 4068
2 81 174
25 81 1458
72 81 6230
14 81 9853
58 81 1438
3 82 5028
12 82 4621
5 82 3802
11 82 1879
16 82 1316
27 82 2041
6 82 7039
10 82 8106
26 82 2988
7 82 7240
24 82 3473
2 83 7638
80 83 3474
29 83 2828
4 83 5637
14 83 9183
7 83 5245
27 83 6777
11 83 1833
57 83 7023
45 83 1064
12 83 7588
68 84 2827
13 84 3678
54 84 7347
21 84 7724
8 84 5173
55 84 6742
32 84 2466
9 84 8814
38 84 5560
1 84 8297
31 84 796
10 85 978
7 85 3565
8 85 6350
4 85 2424
33 85 4513
25 85 2866
42 85 7346
45 85 8474
39 85 8958
31 85 9958
37 85 4537
52 86 4904
56 86 600
50 86 5553
2 86 4601
40 86 4932
7 86 7869
74 86 361
1 86 4661
33 86 2761
29 86 4459
5 86 1063
51 87 9368
4 87 5264
61 87 5831
1 87 8706
19 87 8691
12 87 1771
72 87 3623
18 87 491
68 87 3538
25 87 1812
43 87 7441
43 88 5682
77 88 1709
28 88 6724
42 88 7742
75 88 9843
15 88 162
1 88 164
26 88 8295
21 88 1583
31 88 6210
11 88 2058
15 89 816
5 89 8423
0 89 9269
52 89 5381
30 89 1818
56 89 5272
85 89 7509
4 89 9816
34 89 9768
12 89 3175
57 89 3468
14 90 5662
28 90 1256
31 90 6333
2 90 6499
44 90 3998
82 90 2598
13 90 591
42 90 6452
72 90 8011
12 90 4286
24 90 2335
17 91 7342
13 91 1944
85 91 1946
8 91 3682
25 91 6022
82 91 8063
31 91 1854
26 91 6102
69 91 2043
15 91 8647
90 91 9173
54 92 7630
25 92 2446
45 92 1814
3 92 987
14 92 6694
22 92 2037
4 92 3286
5 92 8570
46 92 3287
88 92 5010
27 92 5580
64 93 25
1 93 7739
39 93 6392
52 93 4126
17 93 7285
7 93 39
26 93 5511
43 93 7321
35 93 6290
9 93 8030
3 93 4615
4 94 3235
19 94 5701
41 94 5305
11 94 2413
31 94 7463
29 94 7827
36 94 531
8 94 3081
76 94 4858
52 94 6803
1 94 6171
15 95 8912
12 95 8867
9 95 5281
40 95 2667
23 95 2052
70 95 5205
19 95 6727
31 95 1772
10 95 5332
14 95 6525
32 95 3429
31 96 3177
3 96 6529
2 96 6764
1 96 2781
44 96 8845
41 96 9489
17 96 7524
93 96 3685
23 96 5157
22 96 6339
65 96 6124
50 97 50
5 97 6887
7 97 3436
40 97 2015
82 97 3886
70 97 6518
18 97 6375
2 97 1704
75 97 4137
32 97 627
13 97 4920
15 98 5334
23 98 5816
10 98 9518
46 98 4666
33 98 367
19 98 653
9 98 7280
38 98 8851
97 98 5621
5 98 9761
26 98 7067
11 99 6569
30 99 1520
2 99 7707
22 99 9700
50 99 5510
16 99 1982
35 99 4058
12 99 2865
3 99 3151
25 99 1455
66 99 7831
32 100 5069
31 100 5520
72 100 9605
12 100 6698
70 100 9628
73 100 723
29 100 1370
34 100 484
47 100 8300
5 100 1016
28 100 8714
2 101 7787
12 101 8227
29 101 3952
8 101 1553
4 101 3663
56 101 6064
68 101 7842
94 101 2502
26 101 9103
52 101 8149
33 101 7379
60 102 1562
26 102 4647
24 102 4235
50 102 9606
22 102 7510
33 102 7609
54 102 2850
10 102 9591
36 102 9160
89 102 4986
20 102 5855
36 103 7398
48 103 6691
9 103 4995
1 103 7450
12 103 3863
38 103 7086
29 103 8261
2 103 4743
15 103 8167
28 103 5770
26 103 1163
52 104 423
25 104 980
22 104 369
38 104 8372
53 104 8092
33 104 435
4 104 6092
3 104 2639
75 104 8666
15 104 7984
39 104 4368
88 105 7851
5 105 2504
17 105 1550
29 105 7575
13 105 4876
95 105 2592
38 105 993
72 105 7906
22 105 3407
7 105 7601
0 105 7405
5 106 6285
8 106 2675
16 106 1167
4 106 2420
76 106 3726
25 106 2640
85 106 2927
13 106 5880
0 106 7940
71 106 6540
87 106 5945
6 107 4159
77 107 9937
52 107 3200
38 107 3577
42 107 3138
13 107 6642
61 107 1430
40 107 3466
14 107 4339
34 107 6389
4 107 8688
32 108 4672
10 108 4881
5 108 3061
79 108 5306
25 108 2248
17 108 8820
15 108 4444
28 108 8540
30 108 702
18 108 5652
9 108 477
2 109 5255
21 109 2923
77 109 7254
8 109 8553
52 109 8796
25 109 1816
108 109 8917
24 109 4014
6 109 2393
1 109 2089
100 109 9435
8 110 7944
9 110 3098
26 110 2554
31 110 7479
3 110 2337
45 110 1714
52 110 813
40 110 6079
2 110 4194
33 110 3966
5 110 3200
11 111 347
12 111 4448
84 111 6243
7 111 8095
30 111 2863
32 111 1980
105 111 6578
89 111 7974
107 111 7065
93 111 1809
10 111 2383
2 112 4786
67 112 8028
7 112 1854
13 112 7898
51 112 8305
29 112 1676
111 112 5400
91 112 7373
76 112 5208
5 112 1254
84 112 4321
1 113 1637
38 113 6051
32 113 6545
68 113 4455
97 113 2839
46 113 5074
99 113 649
47 113 7823
19 113 9048
12 113 4128
16 113 4977
4 114 1479
88 114 4139
18 114 947
51 114 4168
1 114 4073
23 114 3942
19 114 7611
66 114 9923
84 114 9673
25 114 9048
46 114 5604
26 115 8850
12 115 3134
15 115 5302
30 115 3342
92 115 7026
83 115 8115
4 115 5876
19 115 5712
10 115 1503
50 115 5270
21 115 876
12 116 7848
25 116 6054
74 116 2226
38 116 1049
61 116 6073
3 116 4051
36 116 1506
40 116 4787
44 116 815
22 116 5329
32 116 3332
29 117 4821
6 117 9454
10 117 4321
76 117 659
22 117 6323
17 117 4850
19 117 3466
43 117 42
7 117 4421
55 117 8472
112 117 7739
86 118 2903
3 118 3403
31 118 2371
32 118 1421
11 118 1485
39 118 9946
44 118 8011
2 118 7962
1 118 9534
8 118 7221
26 118 3081
18 119 200
52 119 4345
46 119 7835
4 119 5516
75 119 2751
12 119 970
34 119 4085
76 119 741
48 119 9368
1 119 1532
86 119 2059
65 120 487
101 120 7537
93 120 2549
3 120 795
30 120 1032
45 120 5796
20 120 4417
10 120 9774
34 120 2342
6 120 5131
36 120 9251
41 121 5643
59 121 7505
28 121 5381
8 121 7990
66 121 8717
36 121 1951
9 121 2225
107 121 4164
33 121 4150
23 121 5054
78 121 8637
97 122 1481
93 122 6738
83 122 9650
55 122 678
87 122 4878
42 122 5599
30 122 6912
4 122 5011
92 122 2309
32 122 2396
67 122 18
4 123 4010
92 123 2532
11 123 7751
34 123 2249
50 123 4273
65 123 4507
36 123 8948
96 123 8658
27 123 3555
29 123 9959
112 123 4718
93 124 9717
39 124 4958
71 124 764
60 124 3533
43 124 9539
15 124 9885
18 124 6373
53 124 3867
95 124 3888
28 124 8918
49 124 6884
1 125 3950
14 125 1207
79 125 2721
30 125 1707
21 125 5809
46 125 5877
96 125 8080
95 125 51
22 125 1094
29 125 5719
31 125 3875
46 126 6291
120 126 3172
24 126 7236
81 126 9691
3 126 657
20 126 9323
68 126 3495
84 126 5808
125 126 8762
12 126 8039
58 126 9618
26 127 3176
39 127 1468
45 127 5228
31 127 1531
3 127 8879
95 127 7286
99 127 9964
7 127 9216
4 127 3817
118 127 4902
50 127 5867
2 128 3894
104 128 3093
37 128 1207
14 128 3512
59 128 8852
10 128 8441
77 128 6905
7 128 4941
22 128 3507
73 128 9094
38 128 4351
3 129 6312
118 129 7752
71 129 8777
32 129 2493
1 129 2625
13 129 6044
37 129 4901
83 129 3561
24 129 3461
8 129 1028
101 129 2231
47 130 5913
84 130 3027
36 130 2864
51 130 40
52 130 3188
4 130 767
102 130 3407
38 130 4355
8 130 2215
26 130 3598
111 130 5713
15 131 2631
92 131 7681
0 131 2263
59 131 6134
28 131 873
12 131 5179
7 131 9393
90 131 9832
113 131 4829
19 131 67
57 131 3446
75 132 5371
15 132 187
5 132 2771
12 132 8249
77 132 7256
108 132 4914
63 132 7098
79 132 3190
125 132 4186
9 132 6318
49 132 4787
100 133 4807
91 133 582
51 133 7107
2 133 6627
11 133 6239
98 133 4376
126 133 6560
32 133 6940
101 133 4066
87 133 6106
50 133 5541
12 134 9717
41 134 6012
75 134 8383
24 134 1634
1 134 731
59 134 2091
65 134 6448
43 134 8346
118 134 9196
84 134 4936
97 134 2259
32 135 1977
2 135 2705
43 135 2501
6 135 7346
18 135 1653
110 135 6699
33 135 3037
31 135 1054
115 135 5526
7 135 9699
71 135 8651
36 136 6608
2 136 9435
4 136 8114
96 136 2099
62 136 7148
104 136 7534
16 136 828
9 136 401
78 136 5850
79 136 5736
93 136 6695
107 137 1222
16 137 2334
44 137 5471
3 137 5168
43 137 7710
0 137 9355
8 137 6945
121 137 6708
11 137 9539
5 137 4887
4 137 8678
12 138 1791
16 138 5030
27 138 6224
41 138 9557
77 138 7976
8 138 9404
125 138 1429
53 138 702
102 138 6350
108 138 2078
37 138 6694
76 139 9718
99 139 6437
100 139 1483
41 139 5360
116 139 8564
42 139 698
9 139 4971
19 139 4232
52 139 9725
22 139 5112
39 139 9111
93 140 6154
52 140 9458
124 140 4099
41 140 2513
11 140 4997
22 140 2586
2 140 2863
9 140 5036
54 140 4775
76 140 3963
30 140 1814
114 141 8646
87 141 7765
12 141 61
126 141 5430
56 141 8136
34 141 3896
22 141 4045
30 141 2364
2 141 7884
35 141 70
67 141 5830
19 142 2397
7 142 519
136 142 6417
63 142 12
72 142 6858
2 142 405
5 142 4062
134 142 2882
9 142 3669
1 142 3594
116 142 1061
142 143 5390
5 143 3038
3 143 9258
26 143 492
73 143 2603
41 143 4105
83 143 2007
128 143 7067
56 143 9577
23 143 3857
0 143 8907
77 144 5241
24 144 4863
2 144 2056
68 144 1441
112 144 4853
33 144 6760
76 144 3417
79 144 2717
74 144 7810
94 144 1879
88 144 874
72 145 4303
95 145 1550
70 145 9154
54 145 1580
5 145 3481
31 145 6166
136 145 5118
20 145 5288
116 145 1856
79 145 4889
50 145 7956
114 146 2193
9 146 4766
34 146 8849
92 146 7398
37 146 5478
50 146 6528
109 146 9310
76 146 2806
6 146 9857
30 146 5355
22 146 7588
12 147 7654
132 147 213
11 147 9848
24 147 2765
25 147 3006
80 147 8096
3 147 4730
41 147 7245
15 147 424
31 147 6131
82 147 5188
85 148 3402
19 148 8342
7 148 4699
13 148 5226
47 148 9251
131 148 6957
30 148 1889
125 148 9298
31 148 5456
129 148 8177
112 148 6931
101 149 4604
125 149 336
105 149 5231
66 149 343
44 149 5247
53 149 5804
50 149 3513
42 149 61
21 149 7106
12 149 2286
55 149 3100
41 150 1498
1 150 9793
115 150 1108
3 150 1306
52 150 2197
11 150 8227
102 150 9744
83 150 778
132 150 7890
16 150 1350
60 150 3394
131 151 9837
2 151 6886
59 151 4268
48 151 640
25 151 6634
16 151 3410
41 151 4115
9 151 2947
56 151 4618
11 151 8058
101 151 6173
106 152 6482
9 152 23
64 152 7219
2 152 5894
119 152 7597
38 152 1560
31 152 3856
81 152 3670
100 152 2607
12 152 9333
8 152 1906
12 153 290
104 153 5359
99 153 8296
3 153 532
34 153 1200
89 153 5333
10 153 8184
57 153 172
119 153 8770
18 153 3688
32 153 279
2 154 2512
9 154 3206
24 154 9325
129 154 3839
124 154 5168
55 154 7176
35 154 3065
29 154 3310
20 154 3660
44 154 2511
109 154 7189
149 155 1904
114 155 7937
86 155 9025
42 155 3407
60 155 4563
122 155 6364
11 155 1337
25 155 9987
43 155 8271
73 155 9364
23 155 8214
42 156 1171
16 156 5586
1 156 5279
23 156 4761
5 156 284
126 156 9558
143 156 744
32 156 7285
51 156 6137
114 156 3611
122 156 8869
6 157 2733
21 157 8987
25 157 7121
111 157 3158
4 157 8582
75 157 9823
1 157 6369
9 157 6473
23 157 9050
68 157 9828
19 157 885
97 158 1829
62 158 7438
19 158 8435
150 158 5183
13 158 5267
23 158 6194
73 158 6702
14 158 6444
9 158 2486
6 158 998
84 158 6661
42 159 1971
21 159 9354
5 159 1714
61 159 7010
13 159 610
19 159 9904
24 159 6261
8 159 8462
87 159 9746
157 159 302
143 159 2238
80 160 1210
145 160 5299
2 160 6566
71 160 9989
124 160 6550
130 160 5014
151 160 5540
85 160 1634
14 160 3805
5 160 217
48 160 6880
9 161 1703
4 161 4251
126 161 2985
17 161 1295
157 161 2909
143 161 8167
34 161 8904
16 161 8491
29 161 147
96 161 8763
5 161 192
70 162 3595
13 162 8298
143 162 4851
7 162 5323
4 162 7646
135 162 3209
82 162 3608
33 162 2995
104 162 8057
16 162 8156
151 162 8048
8 163 205
110 163 5205
54 163 9233
37 163 9456
157 163 662
23 163 7103
44 163 8756
27 163 5577
60 163 1842
57 163 8666
65 163 9654
90 164 5408
8 164 7935
22 164 4073
19 164 6854
35 164 8107
16 164 7611
1 164 5532
160 164 3498
29 164 7452
12 164 9272
104 164 9808
53 165 5154
18 165 4529
15 165 9063
5 165 183
51 165 4918
2 165 5966
29 165 4182
40 165 3201
154 165 263
0 165 3812
136 165 989
4 166 7913
48 166 1098
86 166 303
105 166 624
9 166 1598
129 166 2889
5 166 4427
119 166 5343
21 166 4853
0 166 7381
40 166 1524
146 167 147
30 167 3953
7 167 1122
136 167 8788
133 167 7438
97 167 5089
43 167 7739
142 167 4377
119 167 830
83 167 2516
9 167 547
77 168 675
139 168 4107
41 168 6448
76 168 1233
157 168 6966
58 168 6031
5 168 1420
25 168 9094
126 168 6473
1 168 4901
22 168 5470
39 169 4654
70 169 4893
24 169 8216
149 169 6767
1 169 4609
109 169 3775
7 169 7146
114 169 3979
23 169 7567
95 169 7019
3 169 3916
24 170 3609
4 170 7487
23 170 5592
14 170 6057
49 170 4431
99 170 2431
42 170 2052
26 170 349
105 170 1962
2 170 3648
90 170 4932
129 171 6859
78 171 8321
74 171 97
41 171 1342
20 171 3192
27 171 8667
46 171 3803
100 171 9365
146 171 301
99 171 7430
48 171 9135
161 172 3628
128 172 8642
52 172 6182
11 172 9957
4 172 2772
74 172 3823
69 172 7276
47 172 4205
142 172 6167
7 172 1438
34 172 7852
55 173 3331
130 173 7426
79 173 5581
7 173 1121
36 173 4685
6 173 4256
16 173 4060
76 173 5836
32 173 3240
124 173 7393
116 173 9960
22 174 2779
5 174 9494
114 174 3290
24 174 4838
172 174 6538
2 174 322
142 174 9665
32 174 4808
126 174 1252
93 174 899
104 174 1744
47 175 9768
130 175 6337
172 175 2492
2 175 5565
98 175 4384
168 175 942
97 175 8319
137 175 7638
79 175 7943
41 175 6546
6 175 9970
40 176 8929
169 176 9039
159 176 3550
75 176 1100
52 176 7137
175 176 1473
155 176 9157
32 176 2640
7 176 3555
9 176 8739
87 176 585
1 177 4963
5 177 9430
22 177 4954
3 177 8349
19 177 6265
149 177 1971
165 177 548
119 177 7675
41 177 349
13 177 9075
53 177 4610
92 178 2472
85 178 756
126 178 7299
29 178 3060
9 178 6828
103 178 4798
8 178 5611
21 178 8428
80 178 358
24 178 5757
52 178 3273
40 179 7370
25 179 3408
46 179 5145
81 179 963
149 179 4886
2 179 2860
55 179 8441
115 179 4603
65 179 9450
54 179 6012
79 179 4675
4 180 3954
3 180 6471
63 180 2058
90 180 6674
36 180 6927
54 180 2537
37 180 1680
15 180 4943
123 180 572
73 180 3452
50 180 6698
45 181 7153
63 181 5089
11 181 5681
172 181 1915
26 181 5908
68 181 8340
108 181 3893
4 181 8178
146 181 5386
116 181 2112
32 181 1166
47 182 9343
112 182 6517
95 182 9786
7 182 9698
8 182 1209
30 182 3989
13 182 3114
53 182 7766
31 182 8002
14 182 7696
128 182 2726
137 183 3349
52 183 4366
170 183 3077
130 183 5343
17 183 2819
134 183 3415
77 183 2102
112 183 6120
144 183 3112
4 183 6746
14 183 1273
159 184 2316
174 184 6394
52 184 6369
6 184 2160
161 184 1219
16 184 6820
46 184 6850
102 184 6514
29 184 5239
7 184 740
21 184 3423
85 185 6672
109 185 70
12 185 1148
63 185 747
122 185 681
23 185 8053
108 185 9300
92 185 9592
5 185 4871
26 185 2954
38 185 7294
98 186 9208
108 186 8504
37 186 873
5 186 7728
26 186 2136
55 186 9021
83 186 6958
160 186 5969
69 186 7688
119 186 954
80 186 8030
28 187 9922
20 187 4626
69 187 4944
180 187 6958
8 187 2512
53 187 5530
154 187 1650
164 187 3978
113 187 110
33 187 7263
87 187 2773
111 188 5354
6 188 3982
113 188 8841
50 188 4020
2 188 6975
20 188 1653
14 188 5271
107 188 7068
17 188 7818
9 188 1190
130 188 9067
7 189 7978
70 189 8902
111 189 8435
61 189 2693
42 189 3430
83 189 9657
88 189 8233
112 189 3294
23 189 7210
24 189 105
13 189 2751
146 190 8685
75 190 2682
44 190 1469
6 190 749
183 190 6326
0 190 5692
179 190 5112
105 190 4203
52 190 5448
59 190 8632
156 190 9538
136 191 9926
46 191 4165
62 191 5408
61 191 821
66 191 8189
71 191 1715
168 191 9239
68 191 7815
55 191 4120
81 191 3381
120 191 1061
52 192 1176
142 192 2131
57 192 1201
37 192 9047
12 192 9263
35 192 5659
22 192 8102
72 192 7320
28 192 6807
16 192 7428
19 192 341
41 193 9579
4 193 4504
176 193 2260
43 193 519
12 193 189
1 193 2880
32 193 779
46 193 4335
37 193 6186
7 193 803
173 193 3261
54 194 3404
89 194 6351
19 194 5099
135 194 4828
67 194 2095
82 194 6106
28 194 662
147 194 9777
16 194 2083
34 194 9565
26 194 7710
20 195 9884
4 195 7707
52 195 892
26 195 8787
71 195 5406
15 195 6705
125 195 185
39 195 1890
32 195 6317
163 195 337
5 195 2625
133 196 8790
173 196 832
149 196 9964
22 196 9863
34 196 8589
14 196 988
1 196 2354
135 196 1473
178 196 2485
59 196 2368
158 196 5190
68 197 8347
81 197 4127
150 197 9291
59 197 885
27 197 4154
12 197 1663
53 197 2653
9 197 3312
193 197 2117
8 197 4137
183 197 5748
108 198 9945
7 198 7096
30 198 6435
121 198 4964
25 198 7587
23 198 6281
68 198 5809
1 198 2098
50 198 7484
70 198 6115
62 198 3749
133 199 4076
6 199 8696
19 199 3390
174 199 1198
81 199 1757
25 199 14
134 199 375
113 199 5534
72 199 5331
195 199 1754
161 199 4506
144 200 7930
160 200 4698
2 200 9819
196 200 9907
20 200 6316
50 200 5934
179 200 371
22 200 1986
12 200 178
41 200 1571
30 200 1555
199 201 8618
95 201 5742
31 201 847
13 201 5355
83 201 767
150 201 2911
179 201 7203
30 201 5676
33 201 2690
11 201 8973
4 201 2583
27 202 553
126 202 9737
1 202 443
52 202 2202
31 202 1447
104 202 609
159 202 3467
8 202 2141
119 202 425
42 202 54
86 202 1461
26 203 687
1 203 7049
4 203 1144
90 203 977
47 203 3303
199 203 8722
76 203 4358
11 203 6409
130 203 6058
69 203 1218
177 203 1521
26 204 9780
12 204 7722
164 204 81
122 204 7356
34 204 8658
56 204 7521
31 204 681
125 204 4467
175 204 8162
1 204 931
190 204 8080
144 205 5954
107 205 1588
22 205 6632
75 205 925
169 205 875
80 205 304
50 205 6517
36 205 2679
1 205 7325
18 205 5274
29 205 4024
36 206 9318
121 206 747
1 206 5515
197 206 6291
27 206 3941
204 206 6522
7 206 5904
77 206 2740
161 206 4674
24 206 7632
19 206 4832
10 207 2550
83 207 4141
87 207 7839
186 207 5390
86 207 9296
180 207 2018
154 207 320
19 207 3874
105 207 9743
67 207 1940
56 207 5190
19 208 7185
6 208 5263
83 208 3116
107 208 1386
43 208 5933
61 208 9681
141 208 3403
25 208 3914
134 208 7278
15 208 3902
12 208 6531
135 209 9225
1 209 6504
143 209 5499
191 209 6366
20 209 6079
17 209 9688
45 209 6647
12 209 2395
23 209 5906
81 209 9513
149 209 3463
106 210 1924
78 210 6117
52 210 2803
37 210 3407
27 210 8781
26 210 9559
17 210 9375
25 210 139
183 210 7398
11 210 374
189 210 417
104 211 4692
12 211 6479
166 211 7916
116 211 1873
191 211 7231
1 211 7093
55 211 369
9 211 8314
51 211 1116
136 211 5914
202 211 9357
155 212 9787
150 212 9586
194 212 3310
37 212 3493
42 212 8914
90 212 8806
7 212 8742
146 212 9760
93 212 2185
197 212 7384
11 212 4250
9 213 1227
39 213 3540
136 213 8924
17 213 7321
205 213 3907
19 213 7560
130 213 9376
166 213 2554
93 213 7608
167 213 986
16 213 5459
51 214 683
37 214 1888
128 214 2933
1 214 86
28 214 6113
87 214 9556
76 214 8226
65 214 1740
77 214 7872
12 214 2252
89 214 3427
66 215 1996
15 215 9495
105 215 7876
13 215 4874
22 215 2316
199 215 8700
89 215 729
65 215 5370
25 215 8483
159 215 9294
37 215 8484
100 216 9353
178 216 7255
52 216 4048
42 216 9017
0 216 5
84 216 3150
112 216 9208
32 216 398
8 216 4140
151 216 6646
20 216 8286
82 217 1673
54 217 9054
67 217 1249
65 217 9999
85 217 1495
125 217 310
181 217 4064
29 217 9463
8 217 4446
0 217 5716
119 217 9848
36 218 3697
121 218 2793
200 218 2560
35 218 5418
14 218 3972
44 218 2490
34 218 3276
17 218 1233
28 218 7795
4 218 8417
5 218 6536
116 219 5521
118 219 1916
3 219 9262
34 219 1509
112 219 9124
14 219 7610
36 219 8220
44 219 8092
6 219 6807
92 219 863
144 219 6406
13 220 7025
35 220 9956
28 220 4830
107 220 1791
58 220 7987
50 220 5676
2 220 6193
7 220 5572
212 220 2621
155 220 3339
158 220 6782
49 221 1317
79 221 7228
160 221 6853
16 221 931
37 221 9610
70 221 5777
11 221 4765
68 221 7858
45 221 815
93 221 9843
150 221 5232
101 222 7810
125 222 5115
170 222 6454
24 222 7191
197 222 3052
28 222 9057
42 222 4558
2 222 2294
34 222 9799
89 222 2532
83 222 1838
119 223 7398
201 223 4565
51 223 7892
161 223 7185
16 223 7253
167 223 3880
97 223 931
198 223 7466
179 223 8305
155 223 7864
77 223 6648
93 224 2233
40 224 2138
6 224 1108
2 224 3933
133 224 6883
19 224 8037
163 224 6009
98 224 3674
74 224 44
43 224 2363
22 224 8952
29 225 3083
22 225 9875
12 225 4428
6 225 5914
52 225 5042
66 225 1293
37 225 148
160 225 2051
150 225 1561
49 225 7115
11 225 6217
14 226 6061
103 226 2701
89 226 5203
45 226 3839
120 226 4544
31 226 2995
121 226 7216
4 226 5225
190 226 4362
152 226 5666
172 226 6524
204 227 9652
132 227 4327
36 227 9722
161 227 2129
202 227 5794
9 227 5376
79 227 9038
2 227 474
102 227 7335
10 227 5419
85 227 4783
17 228 1238
32 228 8848
97 228 3616
103 228 1223
120 228 40
199 228 9312
38 228 9356
201 228 6073
109 228 4996
58 228 6212
30 228 1390
80 229 5201
25 229 4157
12 229 7695
105 229 9556
28 229 7122
42 229 460
138 229 7465
52 229 417
172 229 4040
8 229 3982
220 229 5523
18 230 8140
2 230 8972
25 230 4345
193 230 1354
77 230 7382
58 230 5037
135 230 9105
119 230 7232
150 230 3983
101 230 4278
179 230 4201
91 231 3397
43 231 7971
84 231 5188
2 231 6726
7 231 8536
10 231 9254
131 231 6364
40 231 7695
26 231 7892
33 231 1921
9 231 2987
191 232 2189
51 232 7610
24 232 8951
226 232 7532
29 232 4247
59 232 2915
7 232 9484
109 232 1916
3 232 3810
162 232 8748
46 232 2494
4 233 6142
27 233 7076
15 233 5477
150 233 732
107 233 6738
189 233 5534
6 233 9188
12 233 7341
77 233 2779
119 233 9333
115 233 7587
226 234 4984
81 234 9676
178 234 9751
30 234 1717
38 234 911
17 234 7035
44 234 8532
13 234 630
1 234 7575
24 234 8880
118 234 1954
32 235 7337
35 235 5560
214 235 9576
79 235 3527
92 235 9840
11 235 9653
112 235 3898
199 235 5521
1 235 1278
15 235 1636
178 235 9540
22 236 5961
31 236 664
29 236 5985
126 236 4403
93 236 832
24 236 5827
196 236 5603
12 236 4458
65 236 6454
63 236 9288
112 236 6954
8 237 9206
201 237 6639
159 237 1003
22 237 1588
50 237 9070
119 237 1459
54 237 885
9 237 2139
19 237 4748
236 237 2617
104 237 2929
51 238 6508
39 238 7045
19 238 5029
121 238 3319
201 238 3368
151 238 3154
184 238 4212
63 238 3547
13 238 2638
68 238 3699
69 238 3325
188 239 2913
72 239 8734
169 239 2146
218 239 6858
48 239 4312
198 239 8727
172 239 2248
76 239 972
3 239 125
125 239 8077
93 239 8595
155 240 881
0 240 5086
150 240 244
11 240 557
57 240 5371
18 240 4951
29 240 334
46 240 444
109 240 7534
104 240 6377
84 240 427
5 241 7492
28 241 926
12 241 9839
102 241 9475
45 241 2567
48 241 7363
39 241 2135
122 241 4644
34 241 2500
21 241 9702
30 241 3987
8 242 6651
68 242 3013
209 242 4510
122 242 1105
58 242 2512
1 242 6434
124 242 3309
237 242 2310
21 242 4524
2 242 9965
108 242 5440
59 243 1599
203 243 6076
58 243 6739
5 243 154
191 243 459
185 243 2669
143 243 1864
77 243 848
79 243 9881
22 243 6202
93 243 7787
39 244 4339
207 244 6769
2 244 150
238 244 4840
30 244 7581
74 244 2544
72 244 4748
12 244 1190
104 244 5566
200 244 6146
35 244 8474
160 245 5376
25 245 3551
31 245 3183
229 245 6578
181 245 8288
30 245 6
71 245 75
89 245 1242
6 245 6729
32 245 4839
151 245 2131
27 246 6579
125 246 1045
38 246 4980
2 246 3452
7 246 8912
92 246 200
90 246 5617
5 246 775
1 246 4776
49 246 5937
222 246 2009
123 247 7562
210 247 1701
73 247 87
4 247 5897
112 247 2213
120 247 7927
14 247 9562
68 247 1075
131 247 384
128 247 4090
159 247 4327
229 248 8818
39 248 9360
164 248 9023
227 248 789
26 248 3007
158 248 630
86 248 213
93 248 9430
189 248 5481
107 248 1829
98 248 1465
172 249 3075
183 249 119
102 249 2906
218 249 17
52 249 8481
26 249 4526
184 249 6934
22 249 5851
170 249 294
141 249 6315
14 249 4451
88 250 4488
7 250 7306
15 250 9778
45 250 8239
24 250 1150
225 250 4588
10 250 8301
17 250 3699
156 250 2826
28 250 773
134 250 9362
42 251 957
11 251 8387
95 251 3853
97 251 4730
34 251 6706
3 251 6036
38 251 7334
229 251 1616
19 251 4440
47 251 3615
133 251 3369
2 252 5499
190 252 2791
14 252 2736
235 252 1296
170 252 4023
41 252 463
1 252 2189
13 252 8601
10 252 1541
30 252 4304
242 252 6516
222 253 5976
8 253 5650
196 253 6618
91 253 7472
25 253 8746
2 253 1037
158 253 8532
152 253 958
54 253 4031
28 253 1561
82 253 7410
232 254 4795
151 254 8005
36 254 7339
90 254 7281
144 254 4330
138 254 3859
29 254 1964
131 254 9986
34 254 1351
13 254 9126
247 254 4393
197 255 5543
6 255 6025
179 255 898
129 255 4793
29 255 1108
12 255 2160
3 255 634
4 255 658
44 255 5178
33 255 3283
173 255 7597
170 256 2990
157 256 7674
225 256 9762
236 256 6815
110 256 2793
33 256 1871
210 256 7754
7 256 4210
126 256 8044
171 256 5758
32 256 552
89 257 5755
24 257 5585
179 257 9918
226 257 9648
21 257 8250
119 257 2880
120 257 4279
114 257 1318
64 257 6792
155 257 4853
106 257 2932
134 258 4528
151 258 9086
141 258 9150
83 258 425
121 258 2964
4 258 9317
75 258 2643
49 258 1425
227 258 7855
102 258 6134
242 258 4309
48 259 5753
45 259 6347
221 259 8539
51 259 3218
125 259 4641
119 259 1267
134 259 699
21 259 1815
225 259 6153
82 259 7741
3 259 9422
63 260 9657
17 260 6479
244 260 5881
51 260 4481
12 260 9021
6 260 7728
13 260 8166
124 260 2832
68 260 5993
242 260 3710
8 260 5466
6 261 5859
254 261 4195
102 261 1896
201 261 6623
165 261 6715
30 261 2131
69 261 8306
3 261 8615
173 261 9019
134 261 4937
5 261 1107
260 262 6938
249 262 1370
164 262 255
31 262 6291
229 262 5047
199 262 9666
25 262 9276
130 262 2659
123 262 9467
176 262 8217
142 262 5429
162 263 4719
126 263 386
53 263 137
225 263 2004
125 263 340
51 263 9557
211 263 545
34 263 5537
196 263 2088
91 263 8509
207 263 7640
221 264 5657
9 264 1094
41 264 2732
2 264 7544
78 264 6200
124 264 4309
111 264 6114
256 264 655
23 264 928
1 264 7217
119 264 9939
121 265 9
3 265 9677
10 265 3989
18 265 4079
124 265 5218
254 265 7157
104 265 7263
60 265 5321
67 265 3164
255 265 3248
137 265 3992
165 266 9895
42 266 9374
27 266 8934
2 266 6986
247 266 3054
5 266 7444
17 266 7836
134 266 8252
237 266 6785
3 266 3587
121 266 4583
123 267 1446
13 267 7630
222 267 5514
133 267 8021
27 267 5635
70 267 3663
87 267 7897
58 267 212
146 267 8076
6 267 2900
17 267 7191
10 268 7924
34 268 9199
93 268 2878
169 268 5619
238 268 8554
207 268 1790
180 268 2323
195 268 5243
24 268 240
77 268 5474
3 268 6706
47 269 5801
188 269 3527
165 269 7120
28 269 9259
35 269 628
9 269 3351
92 269 8055
1 269 376
13 269 4402
77 269 841
265 269 9436
81 270 420
55 270 3948
2 270 7872
5 270 7293
44 270 3348
15 270 6227
100 270 6537
183 270 613
151 270 3858
147 270 5265
157 270 6941
50 271 8036
31 271 247
43 271 2737
264 271 1859
58 271 2332
105 271 4755
10 271 3527
20 271 3484
217 271 6201
125 271 1213
109 271 9899
140 272 9207
182 272 7391
254 272 4335
10 272 5853
160 272 9185
41 272 3353
129 272 1009
159 272 8879
190 272 6048
73 272 5444
58 272 8694
5 273 7738
24 273 3244
16 273 3434
211 273 6837
150 273 6116
193 273 2067
122 273 9366
205 273 6143
153 273 5398
25 273 4750
61 273 6505
11 274 6624
111 274 8520
147 274 246
36 274 6722
134 274 7277
194 274 8308
80 274 1155
63 274 8352
17 274 390
16 274 4747
97 274 6048
66 275 8521
0 275 3414
2 275 2294
274 275 362
17 275 7623
136 275 9478
11 275 5416
19 275 4118
198 275 6710
6 275 5192
261 275 5943
20 276 9181
270 276 3657
54 276 7975
25 276 9661
154 276 2361
123 276 2265
142 276 1261
132 276 1406
169 276 3638
95 276 8694
164 276 5929
25 277 6147
146 277 3740
110 277 4860
109 277 6145
104 277 8965
34 277 10
40 277 1270
17 277 9451
142 277 3242
31 277 9920
106 277 4919
277 278 1855
180 278 6846
151 278 5760
12 278 3405
101 278 6934
163 278 1936
173 278 6667
45 278 4545
93 278 9620
56 278 1424
18 278 8912
26 279 2616
5 279 8749
2 279 7045
52 279 6863
172 279 8818
109 279 8415
8 279 8889
189 279 9893
98 279 7056
127 279 9296
132 279 6681
24 280 1206
88 280 8544
70 280 9160
31 280 1503
124 280 282
26 280 2137
119 280 3962
7 280 7142
11 280 4457
8 280 1081
165 280 142
5 281 218
6 281 2070
2 281 9203
218 281 6725
229 281 8178
254 281 7068
12 281 6524
8 281 2774
152 281 7224
42 281 1871
19 281 9089
19 282 1517
12 282 263
4 282 6600
100 282 8896
251 282 6854
30 282 726
80 282 9640
121 282 3896
69 282 8882
182 282 3794
161 282 4751
243 283 4166
192 283 6186
234 283 8815
261 283 8841
101 283 4254
5 283 8157
144 283 61
23 283 9116
65 283 8571
199 283 3041
159 283 738
38 284 6601
227 284 4052
64 284 7204
17 284 3561
44 284 7276
89 284 4344
110 284 2655
60 284 4189
281 284 5725
30 284 6202
231 284 2616
2 285 577
21 285 2304
39 285 5030
36 285 9788
211 285 2011
174 285 1714
135 285 6431
43 285 9082
141 285 9718
243 285 8027
89 285 7201
9 286 4045
32 286 1568
55 286 3897
25 286 3446
75 286 5762
120 286 9413
182 286 3948
69 286 6236
169 286 7298
36 286 7457
140 286 4828
18 287 9674
31 287 5408
277 287 1156
136 287 1613
119 287 23
7 287 863
247 287 2728
150 287 639
1 287 9079
151 287 7503
32 287 5865
120 288 5693
7 288 1389
24 288 2981
191 288 7613
44 288 331
193 288 8946
184 288 3664
46 288 207
169 288 791
70 288 7260
240 288 3794
138 289 2419
28 289 7975
65 289 3177
247 289 64
9 289 8294
249 289 9999
3 289 606
284 289 5148
7 289 5821
161 289 2116
16 289 7123
68 290 23
39 290 6860
6 290 8752
262 290 7946
14 290 7376
30 290 120
55 290 6129
93 290 1264
141 290 9501
213 290 5273
8 290 6155
50 291 1444
2 291 2580
9 291 138
261 291 8718
105 291 7853
62 291 5089
163 291 3508
161 291 7068
1 291 7214
12 291 8098
15 291 1121
208 292 6760
161 292 8380
43 292 4031
126 292 1235
75 292 6865
198 292 1230
21 292 1010
138 292 6058
45 292 3421
134 292 4606
38 292 2196
41 293 2761
77 293 5573
242 293 6909
227 293 2644
178 293 578
167 293 5026
82 293 5623
6 293 867
57 293 3102
241 293 3844
107 293 2051
163 294 1838
5 294 7553
247 294 6163
238 294 7849
45 294 7334
141 294 3480
34 294 1139
180 294 3053
167 294 3670
23 294 7854
29 294 5791
19 295 5128
157 295 7969
98 295 9814
23 295 2619
6 295 7295
278 295 8313
164 295 6155
277 295 6001
24 295 5105
122 295 4614
34 295 9964
60 296 3565
91 296 6790
25 296 400
13 296 3335
270 296 101
222 296 1569
173 296 115
210 296 5770
28 296 9393
41 296 3473
17 296 3099
296 297 5108
141 297 4016
129 297 6636
149 297 8571
36 297 9754
5 297 7070
7 297 3505
176 297 509
190 297 1573
52 297 2838
31 297 8643
22 298 5192
7 298 9689
113 298 62
200 298 5248
219 298 8965
217 298 9049
4 298 1293
108 298 527
184 298 565
75 298 7932
296 298 3788
60 299 4890
11 299 3268
64 299 1145
48 299 5623
52 299 2776
210 299 1485
55 299 416
24 299 7219
36 299 3054
10 299 4865
23 299 7815
