80 2340
0 1 3
0 2 3
1 2 2
0 3 5
1 3 4
2 3 1
0 4 1
1 4 3
2 4 5
3 4 5
0 5 2
1 5 5
2 5 5
3 5 2
4 5 1
0 6 3
1 6 4
2 6 1
3 6 3
4 6 2
5 6 1
0 7 3
1 7 4
2 7 3
3 7 1
4 7 3
5 7 1
6 7 5
0 8 4
1 8 3
2 8 4
3 8 5
4 8 4
5 8 5
6 8 4
7 8 3
0 9 5
1 9 1
2 9 1
3 9 1
4 9 1
5 9 1
6 9 4
7 9 2
8 9 3
0 10 1
1 10 2
2 10 1
3 10 5
4 10 3
5 10 4
6 10 4
7 10 1
8 10 2
9 10 2
0 11 5
1 11 5
2 11 1
3 11 1
4 11 2
5 11 1
6 11 5
7 11 1
8 11 3
9 11 1
10 11 5
0 12 4
1 12 4
2 12 4
3 12 4
4 12 5
5 12 3
6 12 5
7 12 1
8 12 1
9 12 2
10 12 1
11 12 3
0 13 1
1 13 2
2 13 3
3 13 5
4 13 4
5 13 4
6 13 3
7 13 1
8 13 1
9 13 2
10 13 5
11 13 1
12 13 1
0 14 5
1 14 5
2 14 5
3 14 5
4 14 2
5 14 2
6 14 1
7 14 2
8 14 1
9 14 1
10 14 1
11 14 4
12 14 2
13 14 1
0 15 1
1 15 4
2 15 1
3 15 2
4 15 5
5 15 5
6 15 4
7 15 5
8 15 5
9 15 5
10 15 4
11 15 4
12 15 3
13 15 3
14 15 3
0 16 3
1 16 5
2 16 3
3 16 2
4 16 4
5 16 4
6 16 1
7 16 2
8 16 4
9 16 3
10 16 5
11 16 3
12 16 3
13 16 5
14 16 5
15 16 3
0 17 4
1 17 2
2 17 1
3 17 1
4 17 2
5 17 3
6 17 3
7 17 2
8 17 5
9 17 2
10 17 2
11 17 5
12 17 2
13 17 1
14 17 2
15 17 5
16 17 1
0 18 3
1 18 2
2 18 1
3 18 4
4 18 4
5 18 5
6 18 3
7 18 1
8 18 3
9 18 1
10 18 4
11 18 3
12 18 2
13 18 4
14 18 5
15 18 4
16 18 2
17 18 3
0 19 3
1 19 5
2 19 2
3 19 5
4 19 5
5 19 1
6 19 5
7 19 4
8 19 5
9 19 1
10 19 3
11 19 2
12 19 3
13 19 1
14 19 1
15 19 4
16 19 2
17 19 2
18 19 3
0 20 1
1 20 3
2 20 2
3 20 1
4 20 2
5 20 5
6 20 3
7 20 3
8 20 5
9 20 4
10 20 5
11 20 4
12 20 3
13 20 4
14 20 3
15 20 1
16 20 3
17 20 4
18 20 5
19 20 5
0 21 1
1 21 5
2 21 2
3 21 2
4 21 2
5 21 5
6 21 3
7 21 1
8 21 1
9 21 5
10 21 3
11 21 3
12 21 4
13 21 5
14 21 2
15 21 5
16 21 5
17 21 5
18 21 1
19 21 1
20 21 2
0 22 3
1 22 1
2 22 2
3 22 1
4 22 3
5 22 4
6 22 5
7 22 5
8 22 4
9 22 2
10 22 2
11 22 3
12 22 4
13 22 4
14 22 5
15 22 1
16 22 5
17 22 3
18 22 5
19 22 2
20 22 5
21 22 4
0 23 1
1 23 2
2 23 4
3 23 4
4 23 1
5 23 5
6 23 5
7 23 3
8 23 1
9 23 4
10 23 1
11 23 4
12 23 3
13 23 5
14 23 3
15 23 5
16 23 5
17 23 3
18 23 3
19 23 4
20 23 4
21 23 4
22 23 3
0 24 4
1 24 1
2 24 4
3 24 4
4 24 4
5 24 5
6 24 2
7 24 5
8 24 3
9 24 3
10 24 5
11 24 1
12 24 3
13 24 2
14 24 5
15 24 1
16 24 2
17 24 3
18 24 4
19 24 5
20 24 2
21 24 3
22 24 3
23 24 4
0 25 1
1 25 2
2 25 2
3 25 3
4 25 3
5 25 3
6 25 5
7 25 5
8 25 3
9 25 4
10 25 3
11 25 1
12 25 5
13 25 5
14 25 3
15 25 2
16 25 4
17 25 4
18 25 2
19 25 1
20 25 3
21 25 5
22 25 2
23 25 1
24 25 3
0 26 3
1 26 1
2 26 4
3 26 2
4 26 1
5 26 3
6 26 4
7 26 4
8 26 1
9 26 2
10 26 4
11 26 2
12 26 2
13 26 5
14 26 3
15 26 2
16 26 1
17 26 5
18 26 3
19 26 1
20 26 5
21 26 5
22 26 3
23 26 4
24 26 1
25 26 5
0 27 5
1 27 1
2 27 5
3 27 4
4 27 2
5 27 3
6 27 3
7 27 5
8 27 1
9 27 1
10 27 3
11 27 1
12 27 5
13 27 3
14 27 5
15 27 1
16 27 1
17 27 2
18 27 2
19 27 3
20 27 4
21 27 1
22 27 2
23 27 1
24 27 2
25 27 3
26 27 4
0 28 4
1 28 3
2 28 1
3 28 3
4 28 3
5 28 4
6 28 5
7 28 1
8 28 5
9 28 2
10 28 3
11 28 1
12 28 1
13 28 1
14 28 4
15 28 4
16 28 2
17 28 1
18 28 1
19 28 3
20 28 5
21 28 4
22 28 3
23 28 3
24 28 5
25 28 2
26 28 2
27 28 2
0 29 1
1 29 4
2 29 2
3 29 2
4 29 5
5 29 2
6 29 1
7 29 5
8 29 3
9 29 2
10 29 5
11 29 2
12 29 2
13 29 2
14 29 1
15 29 5
16 29 1
17 29 3
18 29 5
19 29 4
20 29 4
21 29 4
22 29 2
23 29 2
24 29 4
25 29 2
26 29 1
27 29 4
28 29 5
0 30 2
1 30 1
2 30 4
3 30 3
4 30 5
5 30 1
6 30 1
7 30 5
8 30 2
9 30 4
10 30 2
11 30 5
12 30 1
13 30 1
14 30 4
15 30 1
16 30 5
17 30 3
18 30 3
19 30 4
20 30 2
21 30 4
22 30 5
23 30 2
24 30 2
25 30 2
26 30 1
27 30 3
28 30 3
29 30 2
0 31 1
1 31 2
2 31 5
3 31 3
4 31 2
5 31 3
6 31 3
7 31 4
8 31 1
9 31 3
10 31 2
11 31 3
12 31 1
13 31 4
14 31 4
15 31 4
16 31 1
17 31 4
18 31 4
19 31 2
20 31 4
21 31 1
22 31 4
23 31 3
24 31 5
25 31 3
26 31 3
27 31 1
28 31 4
29 31 3
30 31 3
0 32 4
1 32 5
2 32 3
3 32 2
4 32 2
5 32 5
6 32 4
7 32 4
8 32 2
9 32 3
10 32 5
11 32 5
12 32 5
13 32 5
14 32 4
15 32 1
16 32 4
17 32 4
18 32 5
19 32 3
20 32 1
21 32 1
22 32 1
23 32 3
24 32 4
25 32 4
26 32 1
27 32 3
28 32 1
29 32 5
30 32 5
31 32 1
0 33 1
1 33 5
2 33 2
3 33 5
4 33 1
5 33 1
6 33 5
7 33 3
8 33 5
9 33 4
10 33 2
11 33 3
12 33 3
13 33 3
14 33 2
15 33 3
16 33 4
17 33 4
18 33 5
19 33 3
20 33 4
21 33 5
22 33 3
23 33 4
24 33 1
25 33 5
26 33 4
27 33 3
28 33 1
29 33 1
30 33 4
31 33 5
32 33 2
0 34 3
1 34 3
2 34 2
3 34 2
4 34 5
5 34 1
6 34 4
7 34 1
8 34 5
9 34 4
10 34 3
11 34 5
12 34 3
13 34 4
14 34 2
15 34 4
16 34 2
17 34 2
18 34 3
19 34 3
20 34 4
21 34 2
22 34 4
23 34 1
24 34 5
25 34 3
26 34 4
27 34 1
28 34 4
29 34 2
30 34 3
31 34 3
32 34 3
33 34 1
0 35 2
1 35 1
2 35 4
3 35 2
4 35 2
5 35 1
6 35 1
7 35 5
8 35 5
9 35 5
10 35 1
11 35 3
12 35 3
13 35 4
14 35 5
15 35 1
16 35 2
17 35 2
18 35 1
19 35 5
20 35 4
21 35 4
22 35 5
23 35 2
24 35 4
25 35 4
26 35 2
27 35 3
28 35 1
29 35 2
30 35 4
31 35 4
32 35 4
33 35 3
34 35 1
0 36 3
1 36 2
2 36 5
3 36 1
4 36 4
5 36 5
6 36 5
7 36 3
8 36 4
9 36 5
10 36 4
11 36 1
12 36 1
13 36 1
14 36 4
15 36 3
16 36 5
17 36 5
18 36 1
19 36 5
20 36 5
21 36 3
22 36 3
23 36 4
24 36 4
25 36 3
26 36 5
27 36 2
28 36 1
29 36 4
30 36 2
31 36 1
32 36 3
33 36 3
34 36 3
35 36 2
0 37 5
1 37 4
2 37 4
3 37 4
4 37 4
5 37 2
6 37 3
7 37 5
8 37 4
9 37 3
10 37 4
11 37 1
12 37 3
13 37 1
14 37 2
15 37 5
16 37 5
17 37 4
18 37 2
19 37 3
20 37 3
21 37 4
22 37 4
23 37 5
24 37 3
25 37 4
26 37 4
27 37 1
28 37 1
29 37 2
30 37 3
31 37 1
32 37 2
33 37 3
34 37 3
35 37 1
36 37 4
0 38 2
1 38 5
2 38 3
3 38 4
4 38 1
5 38 4
6 38 4
7 38 3
8 38 3
9 38 4
10 38 3
11 38 5
12 38 5
13 38 2
14 38 2
15 38 4
16 38 1
17 38 2
18 38 2
19 38 3
20 38 2
21 38 4
22 38 2
23 38 2
24 38 1
25 38 5
26 38 3
27 38 1
28 38 1
29 38 5
30 38 3
31 38 4
32 38 3
33 38 4
34 38 5
35 38 4
36 38 5
37 38 2
0 39 5
1 39 1
2 39 4
3 39 4
4 39 1
5 39 3
6 39 5
7 39 4
8 39 3
9 39 1
10 39 4
11 39 5
12 39 1
13 39 2
14 39 1
15 39 3
16 39 2
17 39 1
18 39 4
19 39 4
20 39 1
21 39 4
22 39 1
23 39 1
24 39 2
25 39 2
26 39 5
27 39 5
28 39 5
29 39 1
30 39 2
31 39 5
32 39 5
33 39 2
34 39 2
35 39 2
36 39 4
37 39 2
38 39 4
20 40 3
37 40 1
35 40 1
6 40 3
31 40 2
8 40 2
36 40 1
22 40 2
2 40 1
32 40 1
16 40 1
30 40 5
13 40 2
18 40 1
23 40 4
10 40 4
0 40 1
25 40 3
24 40 3
17 40 4
14 40 1
7 40 3
11 40 1
9 40 1
34 40 4
29 40 4
27 40 2
5 40 3
33 40 3
26 40 5
38 40 3
15 40 2
28 40 5
21 40 4
4 40 4
12 40 5
1 40 3
19 40 1
3 40 4
20 41 4
38 41 2
9 41 2
7 41 1
28 41 4
8 41 4
25 41 2
4 41 2
5 41 5
30 41 3
18 41 2
13 41 1
37 41 1
12 41 4
24 41 3
32 41 5
35 41 2
10 41 3
1 41 5
21 41 5
15 41 3
3 41 2
26 41 2
19 41 2
16 41 1
0 41 2
34 41 1
27 41 2
39 41 2
6 41 2
22 41 1
17 41 4
33 41 1
11 41 3
36 41 4
23 41 4
14 41 3
40 41 3
31 41 3
38 42 1
28 42 5
31 42 3
19 42 2
34 42 4
7 42 5
35 42 5
22 42 3
10 42 4
5 42 3
33 42 2
30 42 2
29 42 2
3 42 5
18 42 3
9 42 2
41 42 5
8 42 5
20 42 3
23 42 3
14 42 3
26 42 4
15 42 2
4 42 4
17 42 5
25 42 3
24 42 2
0 42 1
39 42 4
21 42 3
16 42 2
32 42 1
6 42 4
13 42 5
1 42 3
37 42 2
2 42 5
11 42 1
27 42 3
15 43 4
29 43 2
26 43 2
37 43 4
11 43 3
25 43 4
33 43 2
35 43 1
9 43 2
3 43 4
28 43 4
39 43 4
8 43 5
18 43 3
21 43 4
23 43 1
10 43 1
0 43 3
40 43 5
42 43 5
6 43 4
27 43 5
2 43 3
41 43 5
5 43 4
14 43 4
32 43 1
7 43 3
24 43 1
12 43 1
17 43 5
31 43 1
36 43 2
4 43 2
20 43 5
34 43 4
1 43 2
30 43 1
19 43 2
7 44 1
13 44 4
28 44 4
41 44 1
33 44 5
23 44 2
19 44 2
2 44 2
6 44 2
31 44 5
36 44 1
37 44 4
14 44 4
4 44 1
5 44 5
25 44 2
39 44 5
18 44 3
3 44 1
15 44 3
29 44 5
16 44 3
8 44 1
12 44 2
34 44 5
40 44 2
1 44 1
10 44 4
32 44 2
43 44 4
35 44 1
17 44 3
20 44 5
42 44 1
26 44 4
11 44 1
0 44 3
27 44 3
24 44 5
40 45 3
19 45 5
0 45 3
38 45 2
34 45 3
16 45 3
37 45 5
3 45 4
18 45 4
43 45 1
32 45 4
29 45 2
12 45 3
9 45 4
5 45 5
20 45 1
44 45 3
8 45 4
39 45 5
21 45 5
10 45 5
1 45 4
17 45 1
31 45 3
15 45 3
6 45 2
28 45 2
2 45 1
26 45 2
36 45 5
30 45 4
25 45 2
4 45 2
23 45 3
27 45 4
14 45 2
42 45 1
7 45 4
22 45 5
17 46 3
26 46 5
29 46 2
40 46 3
22 46 2
4 46 1
30 46 1
3 46 1
7 46 4
18 46 2
6 46 4
38 46 5
1 46 1
5 46 5
23 46 1
42 46 5
0 46 5
25 46 5
11 46 3
45 46 2
2 46 4
33 46 5
14 46 1
20 46 4
37 46 3
8 46 2
15 46 3
12 46 1
13 46 2
32 46 4
9 46 3
39 46 4
16 46 1
10 46 1
27 46 3
24 46 4
34 46 3
36 46 5
35 46 2
8 47 1
22 47 3
9 47 3
26 47 1
0 47 1
6 47 4
19 47 5
12 47 5
34 47 4
32 47 5
28 47 5
46 47 1
37 47 1
10 47 5
40 47 3
7 47 4
23 47 4
2 47 1
41 47 2
39 47 1
31 47 5
11 47 3
1 47 2
44 47 3
14 47 2
21 47 2
18 47 5
20 47 2
43 47 5
30 47 1
16 47 5
27 47 1
35 47 4
29 47 1
5 47 4
24 47 4
4 47 1
25 47 3
15 47 2
20 48 1
44 48 3
23 48 5
26 48 5
0 48 5
45 48 1
33 48 2
6 48 5
12 48 1
2 48 2
43 48 1
8 48 3
18 48 2
32 48 3
24 48 4
29 48 4
1 48 2
27 48 5
31 48 1
4 48 5
7 48 1
9 48 3
37 48 3
36 48 5
3 48 5
14 48 3
34 48 5
15 48 2
19 48 2
10 48 3
13 48 3
17 48 5
25 48 2
22 48 4
30 48 3
35 48 1
39 48 1
41 48 1
5 48 4
1 49 3
10 49 4
42 49 5
8 49 1
3 49 5
24 49 3
14 49 1
20 49 5
23 49 4
21 49 2
38 49 1
5 49 3
11 49 5
17 49 1
22 49 2
33 49 3
26 49 2
4 49 5
41 49 1
37 49 4
13 49 1
48 49 2
15 49 4
28 49 1
16 49 4
35 49 4
9 49 1
36 49 2
39 49 5
6 49 2
2 49 3
25 49 5
18 49 1
0 49 4
27 49 2
34 49 5
40 49 3
7 49 2
44 49 5
4 50 4
46 50 1
41 50 3
47 50 3
5 50 4
13 50 1
7 50 4
34 50 1
49 50 3
43 50 4
37 50 4
35 50 5
45 50 3
11 50 2
20 50 2
25 50 1
17 50 1
40 50 1
22 50 1
38 50 1
14 50 1
39 50 5
30 50 5
29 50 2
24 50 1
1 50 2
28 50 5
12 50 2
15 50 3
23 50 2
27 50 2
21 50 5
0 50 1
42 50 5
26 50 5
6 50 3
36 50 4
8 50 4
31 50 2
19 51 4
16 51 2
10 51 1
36 51 4
8 51 3
48 51 2
42 51 4
31 51 3
9 51 1
0 51 3
15 51 3
35 51 2
2 51 2
24 51 2
18 51 5
27 51 5
41 51 5
1 51 5
28 51 1
26 51 2
37 51 2
14 51 5
45 51 4
20 51 4
50 51 1
21 51 5
4 51 5
40 51 2
5 51 1
22 51 1
6 51 3
25 51 5
44 51 2
23 51 4
33 51 3
29 51 1
13 51 3
32 51 2
7 51 5
29 52 5
3 52 2
31 52 5
15 52 4
6 52 3
4 52 2
17 52 4
44 52 1
39 52 2
2 52 5
26 52 1
19 52 5
34 52 2
14 52 5
18 52 2
38 52 5
5 52 2
21 52 2
33 52 4
32 52 1
9 52 5
12 52 2
24 52 5
40 52 4
30 52 3
50 52 4
42 52 2
36 52 3
37 52 4
28 52 2
11 52 4
51 52 1
47 52 3
43 52 3
46 52 3
13 52 5
25 52 2
22 52 4
1 52 4
33 53 2
1 53 2
6 53 2
14 53 5
25 53 1
20 53 5
15 53 5
28 53 5
24 53 4
50 53 1
44 53 2
16 53 1
34 53 2
22 53 5
36 53 2
10 53 3
46 53 5
32 53 2
29 53 2
2 53 2
31 53 3
51 53 1
38 53 2
37 53 2
49 53 5
41 53 2
11 53 1
39 53 4
12 53 5
23 53 1
19 53 1
8 53 2
52 53 5
30 53 4
26 53 4
45 53 4
42 53 2
13 53 2
9 53 3
30 54 1
7 54 3
32 54 2
22 54 2
42 54 2
10 54 4
11 54 2
40 54 1
0 54 2
4 54 2
34 54 2
14 54 2
6 54 4
5 54 3
28 54 2
47 54 3
36 54 4
26 54 4
2 54 1
25 54 3
49 54 5
16 54 5
48 54 5
23 54 5
37 54 2
53 54 1
1 54 2
27 54 3
31 54 1
8 54 2
19 54 3
52 54 5
20 54 5
18 54 1
50 54 5
24 54 3
44 54 3
12 54 3
17 54 4
50 55 1
37 55 4
40 55 2
46 55 4
24 55 5
36 55 2
54 55 1
4 55 1
39 55 5
14 55 1
0 55 2
48 55 2
16 55 1
38 55 2
33 55 4
30 55 5
29 55 5
41 55 2
12 55 2
9 55 3
44 55 5
26 55 5
11 55 3
19 55 1
51 55 2
35 55 3
21 55 5
18 55 5
23 55 3
5 55 4
6 55 4
17 55 5
45 55 2
8 55 5
3 55 5
1 55 5
53 55 5
27 55 2
25 55 3
31 56 5
32 56 3
15 56 4
14 56 1
35 56 5
12 56 4
30 56 4
4 56 4
45 56 3
5 56 2
1 56 3
26 56 2
8 56 5
50 56 4
24 56 1
3 56 3
23 56 4
10 56 1
52 56 5
43 56 2
16 56 4
13 56 5
2 56 3
48 56 5
7 56 1
25 56 4
38 56 3
55 56 1
0 56 5
34 56 2
54 56 2
53 56 3
20 56 1
21 56 4
37 56 2
41 56 5
33 56 2
40 56 5
19 56 4
28 57 2
0 57 5
43 57 1
50 57 3
37 57 3
1 57 4
4 57 4
12 57 4
47 57 2
36 57 4
15 57 3
11 57 5
25 57 5
24 57 1
8 57 5
13 57 5
34 57 1
6 57 2
48 57 2
18 57 3
40 57 1
49 57 2
10 57 3
17 57 4
39 57 2
22 57 1
14 57 2
38 57 1
29 57 4
27 57 3
20 57 4
42 57 1
2 57 4
32 57 2
21 57 4
5 57 4
31 57 2
55 57 4
56 57 4
24 58 3
55 58 1
27 58 3
21 58 4
14 58 1
37 58 4
29 58 2
57 58 1
54 58 1
35 58 2
38 58 3
4 58 1
52 58 2
9 58 3
47 58 2
2 58 5
11 58 4
51 58 3
7 58 5
33 58 2
44 58 5
20 58 5
36 58 2
40 58 2
3 58 2
31 58 5
0 58 1
50 58 3
41 58 2
23 58 2
15 58 5
13 58 3
6 58 3
10 58 1
17 58 3
32 58 3
22 58 1
49 58 5
56 58 2
40 59 1
41 59 1
11 59 4
42 59 3
24 59 3
9 59 4
25 59 3
0 59 1
46 59 2
31 59 2
17 59 5
15 59 2
21 59 4
1 59 5
26 59 2
2 59 4
18 59 1
29 59 2
45 59 4
20 59 4
49 59 1
34 59 2
53 59 5
36 59 1
13 59 1
14 59 4
28 59 5
58 59 4
52 59 3
35 59 1
3 59 5
50 59 4
6 59 2
22 59 2
33 59 3
55 59 3
8 59 4
37 59 5
43 59 2
38 60 2
55 60 3
7 60 3
12 60 4
13 60 2
52 60 1
47 60 1
17 60 1
24 60 5
49 60 1
27 60 1
18 60 1
19 60 3
0 60 1
5 60 5
39 60 5
31 60 3
2 60 4
41 60 4
16 60 5
20 60 3
48 60 1
3 60 2
30 60 2
21 60 4
15 60 5
28 60 3
8 60 4
40 60 5
4 60 5
6 60 4
59 60 2
23 60 5
34 60 5
33 60 2
43 60 4
32 60 1
37 60 3
1 60 4
33 61 1
29 61 1
46 61 1
9 61 4
54 61 4
21 61 3
48 61 5
40 61 5
59 61 5
37 61 5
12 61 2
2 61 3
10 61 5
25 61 2
26 61 4
8 61 4
47 61 3
53 61 4
44 61 1
0 61 5
30 61 4
42 61 5
58 61 5
17 61 1
13 61 3
23 61 2
56 61 3
3 61 1
6 61 1
52 61 3
1 61 5
35 61 1
7 61 2
11 61 3
24 61 2
14 61 1
43 61 1
18 61 2
55 61 5
31 62 5
18 62 4
44 62 4
39 62 5
37 62 3
54 62 4
23 62 2
13 62 4
27 62 2
2 62 5
60 62 5
59 62 5
9 62 3
51 62 3
29 62 1
56 62 2
43 62 2
57 62 1
15 62 2
3 62 3
25 62 5
48 62 3
53 62 1
49 62 4
32 62 2
55 62 4
40 62 2
4 62 4
8 62 2
5 62 5
38 62 1
35 62 5
1 62 2
19 62 3
47 62 2
14 62 1
6 62 3
33 62 2
41 62 2
29 63 2
32 63 1
59 63 2
49 63 5
11 63 4
39 63 5
46 63 5
41 63 1
43 63 5
48 63 4
18 63 1
57 63 5
53 63 1
25 63 4
54 63 2
1 63 2
36 63 2
15 63 1
60 63 5
2 63 5
62 63 3
35 63 1
55 63 5
23 63 4
13 63 5
3 63 1
14 63 2
42 63 1
8 63 1
6 63 5
33 63 2
47 63 1
0 63 2
28 63 5
38 63 4
52 63 1
45 63 5
37 63 4
26 63 4
50 64 2
43 64 3
31 64 4
38 64 3
29 64 4
21 64 2
5 64 3
58 64 5
20 64 4
30 64 5
57 64 1
7 64 5
22 64 3
51 64 5
47 64 3
59 64 2
62 64 5
46 64 5
13 64 2
4 64 2
53 64 3
32 64 3
8 64 2
6 64 4
48 64 5
24 64 3
33 64 4
52 64 1
42 64 2
41 64 1
28 64 3
3 64 3
34 64 1
54 64 5
36 64 5
25 64 5
27 64 2
9 64 1
11 64 1
56 65 4
10 65 4
12 65 4
24 65 2
34 65 2
54 65 5
23 65 3
37 65 1
2 65 1
30 65 2
42 65 1
1 65 2
31 65 2
20 65 4
38 65 1
26 65 1
16 65 1
13 65 5
4 65 3
9 65 5
35 65 2
15 65 5
44 65 3
27 65 4
29 65 2
52 65 2
43 65 3
49 65 1
36 65 1
47 65 2
64 65 2
11 65 4
6 65 3
63 65 3
45 65 3
57 65 4
8 65 3
50 65 4
33 65 5
38 66 5
47 66 3
11 66 1
60 66 4
54 66 2
56 66 2
9 66 3
7 66 3
58 66 2
64 66 1
16 66 2
44 66 2
62 66 4
51 66 1
4 66 4
43 66 3
34 66 5
22 66 5
18 66 3
33 66 1
23 66 4
8 66 4
63 66 5
37 66 1
42 66 2
31 66 1
35 66 2
5 66 2
29 66 2
41 66 2
14 66 2
30 66 2
32 66 4
28 66 1
49 66 2
59 66 3
10 66 5
45 66 4
2 66 2
60 67 1
30 67 3
34 67 5
22 67 3
25 67 3
13 67 3
15 67 4
65 67 2
45 67 1
35 67 5
43 67 2
55 67 1
40 67 1
6 67 2
61 67 3
12 67 5
8 67 2
57 67 4
44 67 1
52 67 5
64 67 3
58 67 5
23 67 1
21 67 5
16 67 5
42 67 4
39 67 1
48 67 3
59 67 1
29 67 4
33 67 3
36 67 3
17 67 1
56 67 5
46 67 2
1 67 5
26 67 3
24 67 2
49 67 5
41 68 2
1 68 3
26 68 1
12 68 4
52 68 2
59 68 5
0 68 1
54 68 4
64 68 3
38 68 5
30 68 4
61 68 5
60 68 5
46 68 5
6 68 5
14 68 1
23 68 4
27 68 1
47 68 5
2 68 5
43 68 1
58 68 3
35 68 3
3 68 1
11 68 2
55 68 3
25 68 2
24 68 3
48 68 4
16 68 3
18 68 4
7 68 3
34 68 3
8 68 2
36 68 4
4 68 2
13 68 2
45 68 3
28 68 1
68 69 3
56 69 3
59 69 4
32 69 3
17 69 4
34 69 4
4 69 3
18 69 4
46 69 1
54 69 4
10 69 3
51 69 5
41 69 4
44 69 4
52 69 3
45 69 2
22 69 3
58 69 2
39 69 2
53 69 4
16 69 1
5 69 5
14 69 5
12 69 5
67 69 2
61 69 2
8 69 3
2 69 1
1 69 3
47 69 4
50 69 1
9 69 2
40 69 3
7 69 3
63 69 4
26 69 2
65 69 4
43 69 5
42 69 1
40 70 1
30 70 4
50 70 5
15 70 1
16 70 1
4 70 2
59 70 2
21 70 1
29 70 2
41 70 1
6 70 4
45 70 5
25 70 2
38 70 1
61 70 2
37 70 2
36 70 1
10 70 1
19 70 1
47 70 4
33 70 3
8 70 3
69 70 4
31 70 5
0 70 2
20 70 4
1 70 2
22 70 5
34 70 3
57 70 2
14 70 4
65 70 2
26 70 5
9 70 2
18 70 5
23 70 2
53 70 2
11 70 3
52 70 4
25 71 4
49 71 1
47 71 1
43 71 1
15 71 2
18 71 1
14 71 1
24 71 1
28 71 3
32 71 4
13 71 3
20 71 5
27 71 4
5 71 3
3 71 5
35 71 5
0 71 3
57 71 2
39 71 1
33 71 3
48 71 4
56 71 2
12 71 4
8 71 5
1 71 1
46 71 2
59 71 2
68 71 4
42 71 1
61 71 2
2 71 1
50 71 2
11 71 2
36 71 3
21 71 3
64 71 2
60 71 2
4 71 3
19 71 1
51 72 5
4 72 3
35 72 4
12 72 4
8 72 5
15 72 2
7 72 5
48 72 1
66 72 4
34 72 2
31 72 1
23 72 1
3 72 5
64 72 2
56 72 3
37 72 3
67 72 3
54 72 3
30 72 5
39 72 1
40 72 4
38 72 2
32 72 3
22 72 3
26 72 1
29 72 2
60 72 3
61 72 1
16 72 4
28 72 3
63 72 2
18 72 4
10 72 1
53 72 3
57 72 5
70 72 5
36 72 2
27 72 4
11 72 2
33 73 3
23 73 2
68 73 4
47 73 3
18 73 5
28 73 5
63 73 1
40 73 4
54 73 2
29 73 1
1 73 1
42 73 4
57 73 4
44 73 4
26 73 4
39 73 1
2 73 4
15 73 2
61 73 2
14 73 3
59 73 3
66 73 1
37 73 3
32 73 2
9 73 4
30 73 4
36 73 3
21 73 5
13 73 3
6 73 2
72 73 5
27 73 2
22 73 1
62 73 5
48 73 3
19 73 5
52 73 3
20 73 3
17 73 2
47 74 5
3 74 4
59 74 3
51 74 1
65 74 4
16 74 1
43 74 3
48 74 2
41 74 3
60 74 2
10 74 4
53 74 3
33 74 1
40 74 1
6 74 2
14 74 4
50 74 4
70 74 4
15 74 4
19 74 3
5 74 2
46 74 2
26 74 2
49 74 1
31 74 5
32 74 1
67 74 4
44 74 2
58 74 4
34 74 5
39 74 5
63 74 2
62 74 4
28 74 1
36 74 1
11 74 4
9 74 2
30 74 3
66 74 4
64 75 4
11 75 5
37 75 3
55 75 3
34 75 4
61 75 5
27 75 4
23 75 5
45 75 1
53 75 4
57 75 2
39 75 3
46 75 1
22 75 1
66 75 2
9 75 5
15 75 2
38 75 4
72 75 5
73 75 4
56 75 5
0 75 3
33 75 3
2 75 4
29 75 4
26 75 3
43 75 4
4 75 5
12 75 5
19 75 3
52 75 5
18 75 4
69 75 3
10 75 2
59 75 5
6 75 4
62 75 1
3 75 4
21 75 4
10 76 1
9 76 5
4 76 5
23 76 1
73 76 5
56 76 3
67 76 2
24 76 4
58 76 4
31 76 1
53 76 3
44 76 4
46 76 5
51 76 2
72 76 1
11 76 5
45 76 3
27 76 1
60 76 1
12 76 4
25 76 3
75 76 4
66 76 2
37 76 3
5 76 2
3 76 4
57 76 1
20 76 3
35 76 5
34 76 1
29 76 4
8 76 3
70 76 3
48 76 5
0 76 3
64 76 5
65 76 4
38 76 2
63 76 3
6 77 3
59 77 3
17 77 3
5 77 4
29 77 2
4 77 2
71 77 2
68 77 5
14 77 2
36 77 1
2 77 2
22 77 2
32 77 5
0 77 5
27 77 2
1 77 2
30 77 4
43 77 1
12 77 4
10 77 4
25 77 4
9 77 3
75 77 3
48 77 3
53 77 1
73 77 1
54 77 3
16 77 1
39 77 2
45 77 5
15 77 5
21 77 4
70 77 4
56 77 4
50 77 2
33 77 3
72 77 2
40 77 3
8 77 2
20 78 3
51 78 5
5 78 5
31 78 3
16 78 3
13 78 5
65 78 5
44 78 1
73 78 1
3 78 4
8 78 1
42 78 4
47 78 3
45 78 4
50 78 1
0 78 2
18 78 4
30 78 1
34 78 3
22 78 5
32 78 5
6 78 2
25 78 5
1 78 5
23 78 3
7 78 3
28 78 1
58 78 2
17 78 4
49 78 3
35 78 3
57 78 1
37 78 2
27 78 1
21 78 2
26 78 4
10 78 3
4 78 5
76 78 2
38 79 2
23 79 3
35 79 1
21 79 2
29 79 2
59 79 2
8 79 2
37 79 2
61 79 1
74 79 2
31 79 2
19 79 1
4 79 1
56 79 1
24 79 2
2 79 5
53 79 5
67 79 5
17 79 4
43 79 3
1 79 4
11 79 1
62 79 2
12 79 4
55 79 5
26 79 4
32 79 1
39 79 4
69 79 2
64 79 1
36 79 1
72 79 2
9 79 2
33 79 3
16 79 1
78 79 1
13 79 5
46 79 5
42 79 3
