120 2862
0 1 9637
0 2 2762
1 2 9361
0 3 8662
1 3 4514
2 3 7173
0 4 6579
1 4 3655
2 4 1388
3 4 1998
0 5 1676
1 5 9982
2 5 5720
3 5 6145
4 5 5287
0 6 7109
1 6 1514
2 6 2362
3 6 844
4 6 5907
5 6 3470
0 7 6228
1 7 2121
2 7 8624
3 7 5244
4 7 3857
5 7 7522
6 7 8687
0 8 3234
1 8 5465
2 8 8330
3 8 9168
4 8 9104
5 8 800
6 8 6230
7 8 7130
0 9 3966
1 9 2319
2 9 1767
3 9 4243
4 9 6370
5 9 3370
6 9 9966
7 9 5435
8 9 2434
0 10 7674
1 10 9589
2 10 1980
3 10 8651
4 10 4324
5 10 8911
6 10 4810
7 10 5666
8 10 728
9 10 2578
0 11 8537
1 11 8732
2 11 935
3 11 7406
4 11 7599
5 11 9186
6 11 816
7 11 6766
8 11 1834
9 11 1286
10 11 2084
0 12 819
1 12 142
2 12 5863
3 12 2347
4 12 5928
5 12 3065
6 12 5901
7 12 1345
8 12 7418
9 12 204
10 12 7708
11 12 7323
0 13 716
1 13 4730
2 13 6689
3 13 8529
4 13 5748
5 13 3423
6 13 6710
7 13 3692
8 13 1902
9 13 5079
10 13 2017
11 13 7
12 13 3357
0 14 7315
1 14 1470
2 14 8494
3 14 1996
4 14 8926
5 14 9510
6 14 7746
7 14 9084
8 14 9390
9 14 1261
10 14 2534
11 14 8465
12 14 6691
13 14 7463
0 15 2052
1 15 5074
2 15 1219
3 15 3025
4 15 5482
5 15 8623
6 15 2400
7 15 5295
8 15 4052
9 15 4219
10 15 8277
11 15 8038
12 15 1914
13 15 3695
14 15 4445
0 16 1448
1 16 9414
2 16 49
3 16 8671
4 16 2207
5 16 8397
6 16 6517
7 16 3230
8 16 1281
9 16 2487
10 16 1340
11 16 1436
12 16 2673
13 16 264
14 16 47
15 16 339
0 17 1849
1 17 7161
2 17 1272
3 17 5793
4 17 1418
5 17 6390
6 17 9108
7 17 734
8 17 8226
9 17 9644
10 17 7571
11 17 9097
12 17 917
13 17 791
14 17 1196
15 17 5628
16 17 1694
0 18 7380
1 18 6083
2 18 7812
3 18 9774
4 18 6914
5 18 9111
6 18 5801
7 18 2871
8 18 7050
9 18 5779
10 18 30
11 18 656
12 18 2565
13 18 9781
14 18 377
15 18 3084
16 18 6960
17 18 7120
0 19 9473
1 19 3228
2 19 730
3 19 4104
4 19 7011
5 19 1497
6 19 2126
7 19 724
8 19 5471
9 19 5624
10 19 3778
11 19 8824
12 19 718
13 19 7506
14 19 6610
15 19 2206
16 19 7126
17 19 6257
18 19 9841
0 20 7682
1 20 9470
2 20 8305
3 20 4193
4 20 1947
5 20 1215
6 20 3561
7 20 6972
8 20 3782
9 20 7147
10 20 6637
11 20 7822
12 20 9913
13 20 2679
14 20 2639
15 20 7604
16 20 656
17 20 589
18 20 9711
19 20 8145
0 21 8586
1 21 8034
2 21 4976
3 21 1065
4 21 4243
5 21 9491
6 21 4733
7 21 9043
8 21 3046
9 21 7842
10 21 4684
11 21 3880
12 21 9359
13 21 2958
14 21 2053
15 21 2443
16 21 719
17 21 5031
18 21 7174
19 21 2450
20 21 3089
0 22 6486
1 22 6641
2 22 8871
3 22 8686
4 22 4080
5 22 9640
6 22 8826
7 22 3580
8 22 1737
9 22 9359
10 22 5705
11 22 9580
12 22 8023
13 22 6649
14 22 9444
15 22 2264
16 22 8253
17 22 9227
18 22 4527
19 22 1633
20 22 5152
21 22 6868
0 23 6015
1 23 1431
2 23 3990
3 23 483
4 23 9197
5 23 9344
6 23 5417
7 23 1219
8 23 6676
9 23 7658
10 23 8493
11 23 23
12 23 6982
13 23 4200
14 23 9180
15 23 2691
16 23 886
17 23 7190
18 23 3901
19 23 7180
20 23 5802
21 23 4840
22 23 5488
0 24 5999
1 24 652
2 24 206
3 24 2723
4 24 9492
5 24 102
6 24 953
7 24 4366
8 24 6811
9 24 2385
10 24 6125
11 24 9588
12 24 2784
13 24 2392
14 24 376
15 24 1514
16 24 7126
17 24 4957
18 24 9342
19 24 7489
20 24 8112
21 24 9805
22 24 3559
23 24 2194
0 25 4229
1 25 2393
2 25 1595
3 25 2054
4 25 8061
5 25 747
6 25 8549
7 25 4164
8 25 2408
9 25 6530
10 25 2536
11 25 1506
12 25 9779
13 25 8043
14 25 6550
15 25 6959
16 25 1254
17 25 8212
18 25 8488
19 25 1154
20 25 8511
21 25 5086
22 25 1273
23 25 555
24 25 4376
0 26 1119
1 26 9635
2 26 4797
3 26 4795
4 26 3620
5 26 6475
6 26 4679
7 26 3139
8 26 417
9 26 7384
10 26 2698
11 26 8039
12 26 8591
13 26 2773
14 26 5925
15 26 6903
16 26 9433
17 26 5537
18 26 8642
19 26 473
20 26 5684
21 26 7277
22 26 1917
23 26 5759
24 26 7172
25 26 7179
0 27 6704
1 27 8514
2 27 5067
3 27 4656
4 27 1402
5 27 7660
6 27 935
7 27 8685
8 27 7746
9 27 3604
10 27 7853
11 27 4764
12 27 8922
13 27 5445
14 27 3512
15 27 2765
16 27 2343
17 27 7359
18 27 1512
19 27 8281
20 27 8355
21 27 6146
22 27 6699
23 27 1491
24 27 6555
25 27 1570
26 27 3202
10 28 2108
15 28 4741
2 28 4908
22 28 3298
8 28 164
27 28 3207
7 28 6599
20 28 7951
13 28 6221
23 28 4216
18 28 7770
6 28 6145
17 28 4206
21 28 9317
3 28 3064
0 28 7319
9 28 2000
11 28 5347
1 28 553
16 28 1114
26 28 6171
24 28 5537
12 28 1463
14 28 9764
25 28 8725
19 28 5409
5 28 6242
28 29 8182
11 29 6127
20 29 7381
27 29 9528
21 29 9686
6 29 9110
14 29 2950
13 29 7651
4 29 6538
12 29 6762
2 29 1324
17 29 4216
1 29 4189
9 29 8851
5 29 5798
19 29 7486
8 29 624
18 29 8227
24 29 6128
25 29 8086
22 29 3117
0 29 3050
10 29 1523
16 29 1572
15 29 2018
26 29 3598
7 29 1230
10 30 8666
20 30 5282
17 30 3067
25 30 4732
23 30 5278
9 30 4456
27 30 3121
13 30 1075
8 30 8715
24 30 4556
4 30 4861
16 30 789
21 30 966
11 30 1269
28 30 2681
29 30 1890
15 30 3054
1 30 2313
0 30 4576
12 30 5168
5 30 6378
18 30 8944
26 30 3727
3 30 8811
7 30 3158
14 30 2331
22 30 6234
0 31 5833
7 31 9754
6 31 6359
9 31 8087
11 31 2747
17 31 5012
24 31 2128
12 31 5442
25 31 3803
15 31 7622
19 31 6437
18 31 5753
3 31 5034
10 31 637
30 31 9686
8 31 7115
4 31 2726
27 31 4918
13 31 3247
21 31 990
26 31 2699
2 31 4965
16 31 9611
22 31 5697
23 31 3685
29 31 4369
1 31 6794
24 32 765
6 32 5577
20 32 4013
3 32 1358
30 32 9431
28 32 6092
14 32 6800
1 32 2752
31 32 813
18 32 3435
26 32 7548
8 32 5301
16 32 9534
21 32 96
7 32 9772
11 32 7141
22 32 3020
12 32 2115
5 32 802
17 32 3515
2 32 6278
29 32 1758
10 32 406
9 32 103
27 32 5016
19 32 6758
15 32 7334
0 33 8765
21 33 7675
22 33 1519
7 33 1416
25 33 1258
3 33 9697
14 33 6846
10 33 6289
18 33 1011
12 33 2524
28 33 2249
13 33 2226
17 33 826
9 33 3600
8 33 8095
24 33 1774
19 33 6323
20 33 2952
30 33 3085
11 33 7582
6 33 7860
27 33 9997
23 33 9910
1 33 9878
5 33 9400
26 33 8243
4 33 2452
26 34 9075
7 34 875
32 34 6613
6 34 5023
9 34 8489
5 34 732
4 34 4691
28 34 4732
2 34 4784
25 34 5638
30 34 255
19 34 9099
20 34 1604
14 34 7548
22 34 2014
11 34 799
24 34 3809
31 34 7727
13 34 1070
0 34 160
29 34 1870
17 34 9527
10 34 7098
1 34 6177
27 34 783
23 34 8998
33 34 6042
30 35 277
34 35 1994
0 35 6355
12 35 8616
25 35 7963
4 35 9340
32 35 3940
5 35 3392
8 35 9775
16 35 8945
26 35 2729
23 35 5672
19 35 9947
14 35 6342
15 35 3956
7 35 2861
6 35 5908
9 35 1941
10 35 6015
2 35 875
13 35 7523
1 35 194
33 35 9863
18 35 9793
17 35 9431
28 35 8965
27 35 5533
34 36 8746
7 36 4675
8 36 2914
24 36 2536
11 36 7603
9 36 9731
26 36 5357
15 36 9186
5 36 3534
35 36 4427
18 36 1865
6 36 7043
25 36 9737
17 36 9834
23 36 7983
4 36 3299
19 36 5959
33 36 3239
2 36 1306
22 36 4761
30 36 6267
14 36 3531
1 36 63
31 36 7234
32 36 7279
13 36 8899
20 36 4614
36 37 6298
7 37 922
17 37 7174
6 37 7431
30 37 3952
3 37 328
13 37 3196
1 37 3690
16 37 5791
25 37 4839
23 37 5651
34 37 9773
20 37 7865
31 37 2459
4 37 1277
2 37 8479
32 37 2202
28 37 5485
11 37 5734
24 37 2709
22 37 6699
27 37 9029
5 37 5153
12 37 774
9 37 5272
35 37 2447
19 37 7243
8 38 5758
30 38 6102
23 38 877
11 38 1077
33 38 574
16 38 1412
5 38 1488
36 38 6866
3 38 7428
35 38 4484
25 38 8671
19 38 9591
10 38 2012
32 38 129
4 38 8033
27 38 500
13 38 5567
26 38 3537
28 38 8118
18 38 5021
31 38 7492
17 38 2685
1 38 9933
29 38 6718
24 38 3602
2 38 5370
20 38 9536
0 39 1286
2 39 184
19 39 6634
38 39 7263
32 39 8483
33 39 6156
9 39 547
16 39 268
35 39 9076
14 39 7456
31 39 5350
23 39 9991
21 39 6421
13 39 3410
1 39 6607
18 39 3203
34 39 9968
3 39 2172
26 39 6831
15 39 1240
20 39 7804
11 39 676
10 39 4950
24 39 9581
29 39 9865
4 39 5811
6 39 2775
39 40 8699
5 40 6256
6 40 2211
35 40 4375
22 40 2069
25 40 2676
2 40 3137
10 40 2694
1 40 2686
16 40 9272
20 40 2362
34 40 1048
4 40 9426
36 40 4050
37 40 9416
19 40 6316
9 40 2546
24 40 2778
30 40 4380
13 40 110
0 40 8419
18 40 2661
32 40 4178
7 40 1086
23 40 956
33 40 9710
8 40 7419
37 41 6784
14 41 5901
15 41 2426
22 41 3561
26 41 1672
29 41 9316
20 41 854
11 41 4210
12 41 85
17 41 5536
28 41 1545
27 41 7362
24 41 9623
16 41 1886
35 41 9592
21 41 7236
18 41 6767
9 41 9573
3 41 6599
10 41 6256
25 41 3748
7 41 8993
1 41 2497
2 41 4973
8 41 7048
38 41 3760
4 41 5216
5 42 633
19 42 852
11 42 437
16 42 16
32 42 9063
17 42 9638
3 42 7454
23 42 9874
24 42 4781
30 42 460
33 42 1115
29 42 3285
4 42 2563
34 42 8042
22 42 7931
31 42 3603
21 42 4129
13 42 445
8 42 1166
20 42 3481
39 42 807
14 42 8604
0 42 9940
36 42 4657
41 42 2638
9 42 552
37 42 3273
4 43 6654
27 43 632
33 43 9425
21 43 9122
9 43 1451
7 43 3831
28 43 8654
36 43 3640
18 43 646
6 43 9519
5 43 3954
11 43 4818
24 43 8352
30 43 1358
8 43 443
15 43 2989
25 43 2029
14 43 5662
1 43 8387
32 43 4830
22 43 2982
16 43 3382
10 43 3686
19 43 5699
39 43 6431
20 43 6344
34 43 1917
19 44 415
21 44 2402
16 44 7446
33 44 2691
20 44 4911
11 44 2306
27 44 717
7 44 6251
3 44 7867
28 44 5862
8 44 8033
23 44 2430
32 44 9825
34 44 9910
22 44 7106
40 44 6816
43 44 4990
12 44 7737
1 44 6319
41 44 2172
37 44 4609
29 44 1559
13 44 2043
9 44 3400
4 44 8897
17 44 4509
15 44 1353
22 45 1848
10 45 8871
30 45 2347
37 45 3715
34 45 1276
19 45 9911
18 45 9393
20 45 821
17 45 8408
0 45 9475
44 45 2241
1 45 676
31 45 4559
13 45 6423
40 45 8576
3 45 2280
26 45 9119
28 45 2370
35 45 1650
41 45 7051
43 45 3722
36 45 6260
24 45 7696
33 45 3245
29 45 3566
38 45 6926
32 45 5211
27 46 8624
43 46 6317
0 46 1643
23 46 522
3 46 4549
5 46 7766
17 46 6506
12 46 5017
13 46 3036
2 46 1500
29 46 143
6 46 4259
8 46 1305
1 46 6694
25 46 2411
16 46 791
36 46 8760
21 46 5730
22 46 241
20 46 8119
45 46 9453
18 46 5700
42 46 9848
31 46 6647
10 46 509
30 46 3068
39 46 8995
23 47 1994
9 47 1534
28 47 6886
14 47 9181
19 47 4025
4 47 9483
41 47 5640
32 47 7004
7 47 8529
3 47 5827
16 47 9834
1 47 5753
22 47 6637
27 47 4539
0 47 9665
42 47 9845
45 47 9050
12 47 3292
11 47 5735
10 47 2888
34 47 2680
33 47 7142
43 47 5209
36 47 7241
15 47 4400
40 47 9856
26 47 6169
35 48 7515
3 48 6837
13 48 6488
39 48 666
44 48 6142
34 48 121
22 48 539
5 48 7158
19 48 876
37 48 2712
25 48 2238
27 48 261
24 48 2338
28 48 585
16 48 5589
36 48 2075
17 48 952
20 48 6863
14 48 5367
10 48 1970
33 48 1
21 48 651
18 48 860
31 48 3453
26 48 3744
43 48 2080
0 48 6627
35 49 6118
0 49 5683
13 49 4694
25 49 9738
12 49 8518
42 49 2244
20 49 1363
29 49 4031
44 49 4373
26 49 6347
7 49 4444
30 49 3862
18 49 7515
40 49 1745
9 49 9142
19 49 76
37 49 4387
27 49 7620
23 49 8583
22 49 4240
34 49 2592
47 49 7944
17 49 3574
3 49 3735
2 49 2804
16 49 8553
28 49 236
23 50 5304
11 50 1532
38 50 616
25 50 5019
14 50 6982
29 50 5878
19 50 6460
5 50 1431
36 50 1713
16 50 7301
7 50 8751
15 50 5795
26 50 8474
48 50 2637
39 50 7807
9 50 2240
27 50 3240
8 50 7456
28 50 821
47 50 8329
31 50 6124
10 50 9634
18 50 5128
49 50 8530
43 50 7085
33 50 2018
3 50 3071
18 51 8949
45 51 2916
19 51 795
11 51 5116
35 51 4405
5 51 6241
10 51 2294
9 51 5466
29 51 7179
31 51 9894
36 51 3348
48 51 2200
34 51 6754
32 51 9964
17 51 6724
0 51 6418
8 51 1269
46 51 9999
7 51 210
49 51 9757
13 51 2012
2 51 6533
3 51 6015
16 51 6015
22 51 2674
44 51 7650
24 51 2993
38 52 204
11 52 6580
44 52 8257
27 52 228
24 52 5936
1 52 7924
30 52 2954
17 52 6452
33 52 4723
42 52 9298
0 52 9936
46 52 1251
9 52 4059
3 52 9165
19 52 8354
36 52 2909
23 52 6414
35 52 3740
4 52 3280
39 52 1665
12 52 5370
7 52 1194
2 52 1068
47 52 554
41 52 7487
16 52 4174
31 52 7756
50 53 6148
42 53 6452
48 53 7825
32 53 2806
20 53 1725
33 53 503
0 53 9778
29 53 3486
2 53 6856
27 53 8790
7 53 5148
16 53 7640
21 53 8182
12 53 2447
24 53 3202
6 53 103
36 53 7388
22 53 9665
38 53 5253
4 53 9528
13 53 5902
43 53 379
28 53 4297
26 53 8392
39 53 5888
35 53 5744
19 53 1974
42 54 5506
52 54 9216
11 54 4770
32 54 9439
14 54 6629
5 54 7874
34 54 7140
18 54 1192
3 54 1335
45 54 8474
0 54 2866
19 54 2931
31 54 9723
17 54 2441
51 54 3155
43 54 8186
6 54 7535
50 54 2472
49 54 8742
10 54 1953
21 54 1135
22 54 368
16 54 5723
12 54 8781
20 54 9406
4 54 872
13 54 3900
36 55 1673
16 55 5791
2 55 7821
25 55 1025
11 55 4573
13 55 483
22 55 1844
24 55 6874
28 55 1826
15 55 1354
48 55 4242
42 55 7367
7 55 7461
20 55 4562
19 55 4858
0 55 6242
14 55 7978
29 55 9501
9 55 2206
27 55 7402
3 55 7236
41 55 8129
44 55 6262
35 55 8799
37 55 5494
21 55 8749
30 55 9208
18 56 5955
16 56 8860
39 56 5071
1 56 369
31 56 2295
54 56 641
30 56 6674
11 56 233
34 56 10
3 56 7719
36 56 8415
20 56 3970
19 56 6296
8 56 3344
22 56 5924
37 56 4222
13 56 5708
0 56 7771
40 56 5244
4 56 3938
43 56 795
7 56 9029
50 56 7431
52 56 2261
53 56 2225
10 56 9412
2 56 2088
28 57 1523
0 57 3599
20 57 1092
12 57 4401
31 57 8938
16 57 6598
9 57 2602
7 57 5997
14 57 3690
8 57 2865
40 57 5464
37 57 9624
54 57 2636
33 57 2845
21 57 3877
15 57 338
26 57 6444
3 57 135
19 57 9730
53 57 8187
35 57 1666
42 57 3980
43 57 9270
22 57 3176
41 57 5292
23 57 5772
4 57 2366
29 58 7420
0 58 1077
34 58 5578
2 58 5975
5 58 5111
8 58 1626
52 58 489
12 58 3499
30 58 9386
48 58 6475
17 58 8461
44 58 4247
7 58 8245
14 58 8815
57 58 6036
4 58 7876
37 58 2558
1 58 2625
25 58 2364
33 58 3605
22 58 4502
49 58 243
36 58 4445
31 58 4989
21 58 8447
38 58 5976
27 58 688
26 59 7556
11 59 1100
42 59 3555
33 59 862
7 59 7945
1 59 4741
40 59 4991
10 59 2564
8 59 3861
41 59 8150
23 59 6289
57 59 363
51 59 5943
43 59 8545
12 59 5788
56 59 273
29 59 7169
28 59 6142
32 59 3449
21 59 827
53 59 8273
31 59 602
9 59 3876
54 59 2822
0 59 6141
13 59 7626
20 59 6447
58 60 7997
54 60 4562
41 60 6542
50 60 3525
32 60 5414
12 60 2621
36 60 2108
16 60 3176
14 60 9561
15 60 7791
26 60 2889
21 60 8321
37 60 7880
51 60 6976
8 60 8699
24 60 59
4 60 1867
9 60 3165
20 60 9122
42 60 9103
55 60 1498
56 60 1156
39 60 5290
10 60 863
5 60 2491
6 60 6364
31 60 689
25 61 758
17 61 5558
0 61 2825
11 61 4208
43 61 9623
26 61 8845
38 61 5265
24 61 6413
36 61 473
15 61 3716
4 61 8620
27 61 7136
56 61 5195
33 61 2461
35 61 8291
6 61 9617
50 61 9947
8 61 8797
60 61 1521
13 61 6253
21 61 2380
9 61 8424
39 61 4674
54 61 6514
55 61 4726
28 61 5785
10 61 3362
20 62 1733
37 62 7145
38 62 7323
47 62 3749
44 62 7174
18 62 4318
29 62 6168
31 62 1085
25 62 4349
16 62 8017
4 62 1407
13 62 7380
32 62 3060
41 62 2871
11 62 8359
36 62 9662
8 62 9713
6 62 6949
34 62 5216
45 62 5657
61 62 1903
54 62 8617
3 62 6818
7 62 3931
21 62 8840
19 62 7325
52 62 3371
50 63 751
51 63 1244
34 63 37
3 63 7263
29 63 6842
47 63 1387
5 63 6277
44 63 8102
1 63 1029
31 63 7914
58 63 7193
36 63 8435
35 63 7417
23 63 2436
26 63 6786
55 63 320
17 63 9623
40 63 2303
20 63 3021
28 63 511
30 63 4674
41 63 1546
52 63 668
21 63 917
8 63 3070
19 63 1264
18 63 1328
33 64 4553
35 64 8648
7 64 2432
16 64 7397
0 64 8825
39 64 4013
28 64 6562
13 64 1253
2 64 4208
37 64 8531
57 64 8839
26 64 7259
22 64 1404
21 64 6777
18 64 8029
19 64 3102
3 64 5442
4 64 4040
31 64 838
20 64 8626
38 64 70
44 64 211
24 64 6350
51 64 8369
9 64 8422
61 64 8104
34 64 82
53 65 9247
62 65 6382
57 65 2257
43 65 3002
63 65 6074
23 65 9780
16 65 5772
51 65 9932
1 65 5373
56 65 3196
0 65 4479
60 65 5
9 65 4942
44 65 3172
38 65 967
48 65 9720
59 65 5962
8 65 5859
42 65 7956
5 65 6786
30 65 2243
17 65 2326
11 65 2514
20 65 2729
37 65 8449
35 65 525
47 65 8998
12 66 2711
63 66 7869
21 66 3823
50 66 7584
9 66 5209
57 66 4848
58 66 3137
33 66 539
27 66 9930
64 66 9187
25 66 5598
28 66 2941
48 66 4536
7 66 7317
17 66 7131
56 66 8872
44 66 2469
20 66 621
36 66 1679
3 66 2539
19 66 5954
8 66 4177
49 66 5467
41 66 6287
10 66 6019
0 66 6553
47 66 4267
48 67 3487
24 67 5684
31 67 9354
7 67 6249
39 67 7040
0 67 8798
4 67 602
29 67 2012
66 67 4646
5 67 7939
15 67 1538
47 67 8558
2 67 1793
36 67 2300
52 67 9746
63 67 1576
6 67 5212
10 67 7145
34 67 3441
20 67 2082
27 67 9506
42 67 3864
28 67 854
9 67 8125
19 67 3032
18 67 5500
57 67 5794
20 68 6495
22 68 5278
56 68 9875
0 68 2673
53 68 3316
30 68 6838
67 68 318
54 68 2398
7 68 8858
33 68 9653
50 68 1519
23 68 1906
24 68 5907
42 68 2004
44 68 6970
63 68 6021
12 68 1107
41 68 838
16 68 1951
5 68 974
60 68 118
27 68 9046
25 68 525
26 68 3251
17 68 4030
59 68 369
47 68 9129
25 69 5813
59 69 5884
21 69 9627
64 69 7250
14 69 6533
65 69 4255
26 69 9586
47 69 404
7 69 3242
35 69 3825
20 69 7294
13 69 8027
67 69 6586
22 69 9995
27 69 4889
48 69 952
8 69 7261
61 69 7638
10 69 1522
39 69 3571
17 69 4112
46 69 5481
6 69 4321
2 69 540
56 69 7017
5 69 6464
62 69 362
7 70 809
20 70 9340
24 70 360
43 70 2852
8 70 5253
42 70 4181
16 70 9123
0 70 4244
52 70 3127
9 70 1692
29 70 6511
3 70 5312
31 70 5969
44 70 6662
17 70 9981
41 70 4437
38 70 6872
56 70 1164
18 70 9366
11 70 4875
12 70 6575
35 70 192
6 70 9493
45 70 9519
63 70 5768
59 70 4980
34 70 2992
48 71 1389
37 71 7763
17 71 9451
7 71 7399
18 71 3361
23 71 8369
9 71 6357
63 71 7507
3 71 7385
19 71 9849
33 71 4485
22 71 1562
6 71 5776
45 71 4864
51 71 2757
11 71 7855
13 71 240
30 71 2887
21 71 7286
67 71 2107
61 71 3226
27 71 8502
66 71 7666
2 71 9647
5 71 8614
32 71 3383
36 71 7317
11 72 2065
38 72 3879
20 72 8214
52 72 8276
40 72 1237
7 72 2004
3 72 7760
21 72 9272
6 72 6117
5 72 8891
15 72 400
55 72 2573
13 72 1574
71 72 6447
61 72 9117
1 72 2361
9 72 1198
50 72 6860
14 72 3127
62 72 3184
44 72 4903
33 72 3853
39 72 2648
41 72 7116
16 72 2461
68 72 5839
10 72 1842
16 73 5674
19 73 7112
33 73 4460
46 73 3458
39 73 7144
41 73 2429
55 73 1818
7 73 9118
13 73 760
18 73 4063
2 73 9592
17 73 2847
40 73 9272
28 73 7642
45 73 5637
30 73 1018
60 73 4425
69 73 2662
23 73 90
38 73 8378
9 73 1243
21 73 9751
26 73 4977
66 73 2492
6 73 7380
14 73 5672
5 73 9700
15 74 6399
13 74 4842
49 74 5780
7 74 2974
55 74 5964
46 74 2757
26 74 7903
65 74 2127
66 74 6985
62 74 1296
20 74 5237
4 74 7741
35 74 3487
17 74 8411
33 74 8418
1 74 9122
19 74 5895
31 74 8108
10 74 652
14 74 5327
36 74 7445
24 74 4290
67 74 541
34 74 3219
41 74 8656
25 74 5887
52 74 9025
15 75 1170
50 75 7607
40 75 7020
55 75 6301
57 75 1817
42 75 8664
21 75 5117
44 75 4050
20 75 7211
45 75 5504
7 75 1274
0 75 845
13 75 2509
19 75 972
27 75 5269
69 75 4229
49 75 4809
18 75 4976
30 75 2111
8 75 825
28 75 680
39 75 1401
14 75 8978
4 75 9498
5 75 2756
22 75 1887
64 75 6217
1 76 5214
21 76 1309
26 76 2819
13 76 2075
38 76 3343
62 76 2789
53 76 416
3 76 3533
52 76 8337
30 76 3863
72 76 2875
29 76 6660
10 76 7632
16 76 8303
6 76 2492
27 76 9830
22 76 1248
51 76 1051
11 76 2816
7 76 9167
32 76 5273
23 76 2810
33 76 7707
9 76 8462
8 76 1918
64 76 3063
47 76 2607
76 77 2570
27 77 5433
31 77 2360
5 77 7624
71 77 4843
38 77 7954
50 77 6153
57 77 341
26 77 5436
61 77 5450
8 77 9521
3 77 9426
67 77 5197
6 77 4198
68 77 2210
70 77 5561
42 77 9725
63 77 3797
10 77 3924
34 77 2078
0 77 5002
29 77 8886
32 77 3411
20 77 4062
17 77 9403
41 77 1497
7 77 3482
26 78 6595
42 78 2099
77 78 4665
1 78 5873
9 78 9459
24 78 8675
43 78 5079
3 78 1879
41 78 7038
67 78 2650
44 78 9937
6 78 159
20 78 5922
66 78 9097
19 78 527
74 78 4790
0 78 7064
36 78 5151
45 78 5638
10 78 8606
16 78 108
2 78 4321
52 78 9383
38 78 5017
15 78 3546
71 78 1674
33 78 6112
77 79 5738
30 79 914
22 79 7793
38 79 3288
53 79 6785
32 79 7383
65 79 7608
37 79 1141
43 79 5986
25 79 5680
20 79 4104
71 79 8812
63 79 691
47 79 3098
27 79 5127
16 79 9010
14 79 1441
59 79 2876
44 79 3129
61 79 2731
24 79 5138
74 79 5965
18 79 5628
31 79 2063
69 79 1120
2 79 2849
17 79 6654
6 80 2607
28 80 537
45 80 147
24 80 677
49 80 2822
26 80 3137
55 80 5409
40 80 5017
15 80 5239
2 80 2282
27 80 2661
51 80 3012
31 80 2407
10 80 7978
19 80 2905
60 80 7182
9 80 9607
11 80 7349
58 80 9605
57 80 3329
70 80 9275
4 80 9740
17 80 5639
23 80 4225
33 80 423
16 80 6322
43 80 751
62 81 7978
19 81 8134
78 81 1407
60 81 5304
34 81 9427
10 81 7121
20 81 2151
5 81 7510
13 81 3970
56 81 4542
18 81 6596
38 81 2338
0 81 4316
2 81 9718
37 81 6834
4 81 332
15 81 7900
69 81 5564
14 81 2606
36 81 3348
31 81 4200
21 81 1150
46 81 7220
55 81 6430
54 81 2258
70 81 6415
42 81 4536
1 82 2145
2 82 3441
6 82 2583
9 82 9645
16 82 9481
44 82 3087
54 82 8205
71 82 4720
53 82 2566
20 82 7116
38 82 2467
0 82 2909
34 82 7244
49 82 399
23 82 1940
15 82 587
81 82 9049
60 82 9111
13 82 3501
39 82 519
40 82 9042
51 82 6360
62 82 3617
18 82 954
36 82 9970
48 82 7790
11 82 3671
28 83 2185
29 83 6775
65 83 7223
64 83 2530
33 83 5476
3 83 3225
82 83 4436
44 83 6104
35 83 7453
53 83 157
2 83 8900
1 83 1020
12 83 2118
6 83 4452
61 83 3806
43 83 6596
22 83 8123
48 83 4012
25 83 9006
9 83 5917
16 83 8242
18 83 878
41 83 7878
38 83 9156
24 83 8505
59 83 4813
73 83 1062
56 84 6749
42 84 1832
63 84 5328
32 84 8736
43 84 3170
1 84 6968
28 84 9615
4 84 5563
55 84 8541
3 84 4193
52 84 9941
40 84 7626
25 84 4872
5 84 9436
59 84 3745
19 84 5875
26 84 8080
62 84 4255
24 84 6074
20 84 7895
7 84 383
35 84 8078
36 84 2910
38 84 2715
83 84 6713
23 84 9180
44 84 9368
9 85 1181
23 85 1180
13 85 8566
27 85 6835
83 85 6123
2 85 7414
44 85 5630
63 85 9773
25 85 7763
57 85 9731
68 85 5056
18 85 3467
64 85 3455
50 85 6328
14 85 3819
47 85 3498
31 85 2413
1 85 6351
6 85 3120
40 85 2194
16 85 7988
69 85 6064
73 85 191
56 85 4784
24 85 1402
75 85 5609
35 85 5461
66 86 6343
3 86 7125
83 86 2284
35 86 2571
20 86 5397
9 86 5351
50 86 272
75 86 1383
85 86 3533
12 86 8705
16 86 8205
48 86 4464
29 86 821
69 86 1598
81 86 1749
38 86 4696
33 86 5713
34 86 9589
0 86 5935
76 86 6478
43 86 2982
5 86 9182
42 86 3321
15 86 8678
23 86 2814
55 86 9349
18 86 8340
56 87 971
25 87 8296
17 87 9453
23 87 1476
28 87 664
32 87 4619
52 87 3844
79 87 4258
3 87 3690
35 87 6394
22 87 3639
83 87 5933
84 87 4393
42 87 6753
68 87 1708
50 87 7074
41 87 8871
31 87 413
86 87 3478
49 87 1839
71 87 6940
7 87 1115
81 87 1979
62 87 7980
78 87 9182
24 87 900
1 87 8048
29 88 8765
19 88 8440
68 88 1493
74 88 863
48 88 6502
60 88 2306
11 88 9918
5 88 4747
35 88 2680
66 88 2329
86 88 6457
22 88 3496
57 88 5522
3 88 3466
36 88 4998
82 88 163
71 88 3821
51 88 8698
9 88 6096
1 88 3840
65 88 5398
30 88 8678
24 88 5019
17 88 1215
38 88 1483
84 88 647
34 88 8375
87 89 821
54 89 7939
55 89 8276
42 89 9970
9 89 6389
25 89 8372
76 89 1624
64 89 901
51 89 7013
47 89 1397
72 89 7375
2 89 2522
19 89 2403
1 89 4382
23 89 1384
48 89 6040
38 89 7291
63 89 5405
85 89 9927
70 89 862
6 89 5489
67 89 9954
0 89 2681
15 89 1844
65 89 5144
82 89 4175
4 89 1165
3 90 4167
2 90 6137
44 90 7181
35 90 7709
63 90 7574
5 90 9341
38 90 9423
40 90 9251
33 90 4123
27 90 1488
6 90 9941
59 90 5420
11 90 1580
8 90 6098
31 90 4765
80 90 5478
34 90 2748
20 90 8251
17 90 4061
1 90 4698
22 90 669
57 90 6725
12 90 9975
48 90 2565
72 90 6312
7 90 299
9 90 3313
88 91 3924
62 91 3253
1 91 9170
76 91 7602
26 91 7446
60 91 248
47 91 165
54 91 4340
2 91 1705
56 91 8719
48 91 8242
25 91 6896
6 91 7895
57 91 9655
90 91 8672
4 91 2163
72 91 1523
58 91 9670
15 91 3920
7 91 350
69 91 1240
51 91 339
73 91 1600
22 91 2373
38 91 6998
61 91 4808
65 91 4370
52 92 8522
37 92 2091
69 92 9758
19 92 1749
25 92 35
45 92 8055
41 92 9531
22 92 8713
34 92 6713
31 92 3786
48 92 9623
14 92 5648
3 92 4653
67 92 9804
76 92 9480
26 92 1929
12 92 6012
20 92 5308
60 92 607
87 92 3175
7 92 9099
33 92 5103
15 92 2846
9 92 1757
0 92 3072
11 92 7905
86 92 9021
12 93 1703
86 93 3447
78 93 8929
33 93 2691
1 93 2965
65 93 5702
37 93 280
21 93 1761
6 93 9070
41 93 8077
40 93 3048
14 93 5587
5 93 8898
39 93 6874
34 93 1436
29 93 680
79 93 6031
24 93 9423
55 93 9391
43 93 3861
90 93 9895
10 93 1500
27 93 5016
71 93 6808
18 93 9151
2 93 9607
77 93 9600
23 94 3232
42 94 8806
0 94 9005
10 94 7421
49 94 2564
74 94 9621
8 94 4484
33 94 162
2 94 7549
43 94 1221
44 94 819
45 94 92
37 94 607
32 94 5242
21 94 5473
22 94 2989
62 94 3411
69 94 2776
20 94 9988
79 94 2365
63 94 6887
17 94 4620
31 94 801
55 94 3099
73 94 1559
24 94 1159
91 94 9960
10 95 3701
30 95 6864
28 95 8316
84 95 5162
2 95 1771
24 95 3517
79 95 7767
7 95 8697
67 95 2778
75 95 9717
1 95 9246
93 95 1276
36 95 2581
59 95 6993
35 95 8348
83 95 3533
9 95 747
47 95 5772
26 95 6079
48 95 1733
45 95 2559
78 95 5095
25 95 7699
13 95 5603
71 95 4644
40 95 4243
27 95 8869
13 96 9451
6 96 6235
71 96 2199
2 96 8428
62 96 3002
38 96 401
10 96 9856
34 96 7767
18 96 5703
81 96 5786
92 96 9625
93 96 3614
83 96 8579
31 96 7112
7 96 7887
30 96 9935
23 96 9553
64 96 7595
0 96 8942
32 96 6776
35 96 3312
21 96 8598
26 96 5929
49 96 781
28 96 2074
48 96 3606
24 96 8318
77 97 8507
18 97 9240
38 97 6997
39 97 2115
15 97 713
95 97 8242
2 97 8258
91 97 5481
76 97 1955
58 97 5529
29 97 5744
5 97 228
3 97 8739
26 97 7833
34 97 9142
4 97 2395
32 97 6657
44 97 5755
10 97 7075
87 97 8390
47 97 7160
81 97 7068
19 97 9626
21 97 3877
60 97 1292
11 97 2532
94 97 6747
56 98 6570
31 98 7777
67 98 7436
45 98 4256
53 98 8318
14 98 5200
86 98 930
27 98 615
20 98 8980
55 98 5631
65 98 1820
44 98 4083
71 98 4800
80 98 2975
57 98 5810
62 98 1859
12 98 4079
0 98 5595
89 98 3094
78 98 9515
17 98 8844
1 98 5434
69 98 664
79 98 6894
3 98 5155
64 98 2079
13 98 9509
7 99 5128
29 99 3611
78 99 6817
53 99 9713
44 99 9004
38 99 8675
18 99 4554
62 99 8603
69 99 2593
57 99 9455
22 99 9185
19 99 9794
42 99 2349
8 99 3968
36 99 4416
13 99 3173
52 99 272
20 99 6434
12 99 2303
5 99 7278
28 99 3517
27 99 4755
86 99 2682
31 99 9927
54 99 2682
4 99 7970
43 99 3871
29 100 2227
60 100 2238
79 100 2708
41 100 5553
91 100 4692
50 100 9621
18 100 4146
44 100 7575
35 100 4551
51 100 9598
1 100 4532
80 100 6365
27 100 3272
75 100 6123
43 100 4663
14 100 700
94 100 1286
30 100 2131
22 100 76
12 100 9298
64 100 394
34 100 1979
8 100 7623
4 100 4598
31 100 6100
36 100 1057
3 100 5572
66 101 9669
34 101 8514
24 101 3911
18 101 2394
3 101 1927
93 101 1494
60 101 6624
0 101 8587
6 101 6615
27 101 7393
38 101 6903
14 101 7622
23 101 8863
12 101 8441
92 101 3403
41 101 2985
49 101 7389
89 101 3711
39 101 9572
15 101 3657
17 101 6372
35 101 7052
62 101 3013
10 101 1361
67 101 1466
42 101 9611
43 101 9879
38 102 1367
53 102 692
62 102 623
42 102 3653
76 102 794
14 102 807
43 102 3098
67 102 9363
13 102 6722
60 102 2951
16 102 6817
26 102 225
3 102 1678
2 102 8677
35 102 9492
29 102 5299
63 102 7731
83 102 8754
57 102 1213
50 102 5849
65 102 6933
59 102 6639
48 102 6563
19 102 7334
30 102 9860
68 102 7505
98 102 9961
34 103 9021
48 103 7412
0 103 4952
41 103 1452
31 103 4537
56 103 1795
14 103 8878
64 103 576
85 103 7582
1 103 8802
29 103 5051
22 103 2924
50 103 5304
87 103 6925
93 103 348
6 103 331
20 103 1244
58 103 96
28 103 7182
18 103 2450
40 103 3742
11 103 9959
9 103 4745
38 103 9829
24 103 1836
27 103 7940
61 103 3224
55 104 3141
21 104 5990
7 104 1126
14 104 2820
15 104 4120
67 104 3464
34 104 4221
27 104 8020
19 104 740
12 104 506
61 104 3774
6 104 8621
16 104 4055
78 104 4099
60 104 2473
28 104 8178
37 104 5969
50 104 8974
11 104 9850
62 104 2817
69 104 620
20 104 4139
92 104 2052
26 104 7168
45 104 3274
18 104 8654
74 104 6676
8 105 4512
54 105 2406
4 105 7394
17 105 3956
14 105 4658
53 105 7302
0 105 9235
22 105 5598
29 105 4778
98 105 3018
16 105 4426
100 105 5020
36 105 6042
1 105 2705
10 105 4394
39 105 9755
85 105 3901
60 105 3659
38 105 2637
58 105 7249
12 105 2308
72 105 4992
28 105 3714
46 105 8069
2 105 3952
77 105 6852
43 105 6477
80 106 8330
17 106 5985
43 106 3611
45 106 7005
13 106 6220
41 106 4511
65 106 2122
88 106 1506
9 106 3852
24 106 5158
78 106 6815
8 106 2067
18 106 9982
44 106 9334
1 106 1849
7 106 9112
59 106 1087
82 106 4114
75 106 1250
35 106 6525
69 106 781
21 106 106
38 106 2290
19 106 4489
54 106 4788
12 106 3329
63 106 7210
20 107 6331
34 107 1313
77 107 1035
85 107 7111
10 107 6248
12 107 3269
23 107 1001
95 107 9293
39 107 6566
33 107 5777
32 107 1799
53 107 8250
40 107 3388
0 107 8278
8 107 7291
16 107 2948
106 107 3652
57 107 549
25 107 6553
63 107 8304
79 107 1112
105 107 1000
51 107 910
3 107 9572
92 107 9735
14 107 3248
75 107 4815
40 108 1472
103 108 2710
29 108 5689
3 108 34
78 108 1395
20 108 806
34 108 2005
41 108 5961
12 108 4488
71 108 1047
69 108 8891
49 108 1178
55 108 5332
47 108 4987
56 108 9549
95 108 5172
16 108 6768
17 108 460
54 108 1820
26 108 5354
82 108 1298
11 108 1933
37 108 1947
46 108 6334
28 108 3819
48 108 4677
90 108 7412
67 109 8419
49 109 4970
33 109 104
30 109 8505
71 109 9151
15 109 2028
44 109 6314
57 109 5406
77 109 1254
45 109 6485
39 109 3142
62 109 1951
20 109 2652
10 109 4963
73 109 5953
94 109 3776
99 109 844
6 109 3359
74 109 4228
105 109 4617
27 109 1156
36 109 3442
93 109 3536
96 109 8659
24 109 1560
78 109 8372
8 109 171
39 110 9446
95 110 9337
18 110 2633
32 110 7603
37 110 5118
72 110 2362
45 110 7110
25 110 3017
92 110 3451
21 110 2875
97 110 5893
54 110 4329
78 110 42
16 110 4068
30 110 6731
71 110 1973
12 110 516
19 110 8715
9 110 5546
2 110 7732
27 110 304
50 110 2065
47 110 5626
77 110 9879
31 110 9586
102 110 709
17 110 4228
47 111 7834
56 111 8008
15 111 1803
2 111 6954
52 111 5302
53 111 7534
74 111 1200
104 111 1817
14 111 9707
6 111 1155
24 111 4042
77 111 975
29 111 4884
41 111 3627
101 111 3393
58 111 7219
27 111 2897
16 111 4543
40 111 76
57 111 5938
60 111 3754
85 111 2587
69 111 1803
76 111 2654
82 111 190
99 111 1281
12 111 9389
42 112 5567
26 112 6309
60 112 8102
54 112 2826
44 112 6646
20 112 990
13 112 2927
0 112 174
31 112 8900
6 112 8540
17 112 7783
45 112 1567
48 112 4980
8 112 6435
82 112 1708
29 112 9687
12 112 7340
93 112 3663
97 112 4615
5 112 5567
3 112 2958
41 112 9379
50 112 1932
19 112 8136
9 112 4423
98 112 4296
21 112 8657
92 113 8757
41 113 5474
3 113 1199
32 113 7090
76 113 407
79 113 7971
65 113 6846
53 113 3808
37 113 9432
20 113 1593
82 113 9180
25 113 7887
19 113 122
45 113 596
98 113 3399
54 113 8776
23 113 7888
101 113 6072
9 113 6157
86 113 9377
78 113 2791
102 113 1331
29 113 911
67 113 6243
62 113 3008
48 113 8503
24 113 9961
85 114 8036
54 114 2854
26 114 4771
59 114 597
6 114 807
77 114 4802
71 114 2397
79 114 8176
49 114 7008
7 114 6623
80 114 6942
95 114 1935
33 114 1857
87 114 4394
22 114 952
75 114 428
10 114 6544
34 114 8975
14 114 3401
19 114 6408
60 114 9873
104 114 2160
50 114 1845
37 114 7158
52 114 4690
2 114 7104
69 114 4258
44 115 5261
22 115 6878
27 115 5638
47 115 1909
13 115 8318
1 115 8270
39 115 3406
32 115 7713
102 115 1190
29 115 3713
28 115 2133
62 115 4265
77 115 6865
8 115 6158
38 115 8866
82 115 2509
15 115 350
11 115 2570
54 115 5325
73 115 1070
35 115 7350
34 115 48
76 115 1566
46 115 6802
7 115 7791
59 115 9300
72 115 5732
82 116 6629
3 116 9973
60 116 3077
22 116 9906
47 116 4965
23 116 9762
97 116 6389
55 116 6964
90 116 8602
102 116 9740
111 116 4061
68 116 9615
30 116 4660
84 116 3979
106 116 4021
20 116 4424
73 116 5996
45 116 1832
56 116 9498
27 116 5882
69 116 8744
1 116 6202
9 116 9365
12 116 9656
10 116 7874
28 116 5464
54 116 5301
52 117 9939
101 117 3272
17 117 5185
1 117 2068
40 117 5153
59 117 5020
24 117 1715
50 117 5577
103 117 2276
74 117 4033
27 117 9084
80 117 1062
18 117 625
49 117 4150
5 117 7213
7 117 9648
26 117 5091
45 117 8363
32 117 2389
9 117 1429
41 117 7335
19 117 3876
23 117 6010
54 117 4638
88 117 5460
30 117 4342
20 117 4770
106 118 8461
103 118 7037
19 118 7509
64 118 9367
9 118 6815
40 118 8328
45 118 4904
28 118 3642
63 118 8684
54 118 9230
2 118 7352
14 118 3390
51 118 972
60 118 5397
66 118 6316
26 118 5969
107 118 9094
22 118 1103
100 118 8907
8 118 5549
17 118 6943
16 118 3791
91 118 2761
25 118 4627
67 118 9270
85 118 5876
48 118 6630
99 119 4653
45 119 9219
90 119 5797
26 119 2594
58 119 5215
116 119 8778
29 119 7567
21 119 9584
47 119 2707
74 119 8761
2 119 3132
22 119 5930
84 119 6286
73 119 8848
19 119 6535
11 119 6325
37 119 3441
7 119 7721
75 119 2277
34 119 5425
9 119 9948
35 119 1844
48 119 1499
97 119 1510
93 119 6862
32 119 4004
24 119 2138
