50 1204
0 1 9511
0 2 4163
1 2 8302
0 3 8004
1 3 1625
2 3 5467
0 4 2190
1 4 255
2 4 1849
3 4 4018
0 5 8465
1 5 1855
2 5 6959
3 5 4016
4 5 2964
0 6 1120
1 6 4048
2 6 8425
3 6 5024
4 6 5594
5 6 9678
0 7 7841
1 7 7135
2 7 2773
3 7 8966
4 7 7198
5 7 5135
6 7 5644
0 8 2986
1 8 1271
2 8 8694
3 8 5427
4 8 354
5 8 1184
6 8 3158
7 8 2775
0 9 2856
1 9 9749
2 9 8415
3 9 6617
4 9 8388
5 9 2024
6 9 122
7 9 2820
8 9 6846
0 10 6475
1 10 5257
2 10 9316
3 10 4159
4 10 8790
5 10 2251
6 10 9637
7 10 4513
8 10 6560
9 10 5741
0 11 5037
1 11 9564
2 11 7878
3 11 7316
4 11 9760
5 11 9224
6 11 9907
7 11 7665
8 11 2272
9 11 5478
10 11 3407
0 12 5996
1 12 3774
2 12 1072
3 12 3126
4 12 4923
5 12 8630
6 12 1525
7 12 8037
8 12 1932
9 12 8766
10 12 4588
11 12 4958
0 13 2865
1 13 3292
2 13 3939
3 13 8454
4 13 5195
5 13 1675
6 13 3646
7 13 225
8 13 7927
9 13 2807
10 13 3944
11 13 9571
12 13 9775
0 14 5491
1 14 2729
2 14 1872
3 14 2010
4 14 8091
5 14 4399
6 14 4403
7 14 9655
8 14 3130
9 14 9773
10 14 3247
11 14 168
12 14 2849
13 14 1381
0 15 99
1 15 7942
2 15 5978
3 15 7204
4 15 9995
5 15 5770
6 15 5360
7 15 8422
8 15 5051
9 15 2902
10 15 9238
11 15 519
12 15 2881
13 15 204
14 15 7084
0 16 5388
1 16 4262
2 16 5413
3 16 5882
4 16 4051
5 16 1605
6 16 8444
7 16 4934
8 16 9773
9 16 6350
10 16 9448
11 16 3046
12 16 8262
13 16 4442
14 16 1163
15 16 5829
0 17 1318
1 17 2044
2 17 2955
3 17 5658
4 17 3298
5 17 2927
6 17 2855
7 17 3136
8 17 6911
9 17 6174
10 17 9393
11 17 3280
12 17 5887
13 17 4877
14 17 4662
15 17 6413
16 17 4800
0 18 7717
1 18 6591
2 18 5541
3 18 3039
4 18 5578
5 18 8409
6 18 8944
7 18 9279
8 18 2079
9 18 785
10 18 1614
11 18 3963
12 18 9590
13 18 6867
14 18 4986
15 18 5311
16 18 2001
17 18 1368
0 19 1185
1 19 7165
2 19 6836
3 19 9322
4 19 7409
5 19 3772
6 19 6677
7 19 6486
8 19 5717
9 19 5342
10 19 8989
11 19 3768
12 19 8148
13 19 3695
14 19 7844
15 19 4707
16 19 4511
17 19 292
18 19 6788
0 20 1074
1 20 6407
2 20 8075
3 20 7466
4 20 603
5 20 6710
6 20 2722
7 20 13
8 20 9032
9 20 7102
10 20 9283
11 20 6834
12 20 5913
13 20 4464
14 20 680
15 20 5881
16 20 6893
17 20 5943
18 20 1857
19 20 6588
0 21 8511
1 21 1789
2 21 2651
3 21 2901
4 21 6525
5 21 8991
6 21 9632
7 21 790
8 21 3044
9 21 6143
10 21 2389
11 21 5496
12 21 7040
13 21 6858
14 21 4744
15 21 1713
16 21 5394
17 21 5343
18 21 8916
19 21 8108
20 21 1062
0 22 4231
1 22 4903
2 22 1479
3 22 5484
4 22 9873
5 22 9748
6 22 7087
7 22 3004
8 22 8996
9 22 1060
10 22 1202
11 22 6457
12 22 1350
13 22 6879
14 22 1120
15 22 4939
16 22 6290
17 22 6196
18 22 4653
19 22 4876
20 22 3421
21 22 5775
0 23 2726
1 23 1570
2 23 8994
3 23 6936
4 23 9059
5 23 2766
6 23 8798
7 23 1009
8 23 9886
9 23 9891
10 23 4091
11 23 9757
12 23 1037
13 23 7595
14 23 5738
15 23 137
16 23 1579
17 23 9314
18 23 8264
19 23 974
20 23 156
21 23 9915
22 23 6025
0 24 8523
1 24 2922
2 24 6932
3 24 8045
4 24 9808
5 24 7232
6 24 7014
7 24 5383
8 24 9834
9 24 2880
10 24 9367
11 24 9325
12 24 6324
13 24 323
14 24 645
15 24 2604
16 24 6522
17 24 7401
18 24 255
19 24 8589
20 24 9432
21 24 3152
22 24 3310
23 24 3927
0 25 2299
1 25 9064
2 25 9852
3 25 7001
4 25 3912
5 25 4598
6 25 7911
7 25 1561
8 25 8094
9 25 5666
10 25 5232
11 25 8763
12 25 4955
13 25 8510
14 25 6322
15 25 7170
16 25 936
17 25 8945
18 25 8615
19 25 6782
20 25 5393
21 25 1955
22 25 5262
23 25 9714
24 25 4026
0 26 3048
1 26 429
2 26 933
3 26 7661
4 26 9865
5 26 1560
6 26 9432
7 26 9944
8 26 3874
9 26 2663
10 26 4666
11 26 1827
12 26 7771
13 26 5915
14 26 2258
15 26 7819
16 26 8467
17 26 7482
18 26 1454
19 26 2872
20 26 9845
21 26 7185
22 26 2257
23 26 4231
24 26 9356
25 26 9447
0 27 3051
1 27 8421
2 27 7488
3 27 2403
4 27 2210
5 27 8273
6 27 5784
7 27 1065
8 27 9594
9 27 2529
10 27 7284
11 27 332
12 27 3369
13 27 4618
14 27 4920
15 27 1285
16 27 8285
17 27 1129
18 27 3408
19 27 5149
20 27 817
21 27 6836
22 27 8985
23 27 2763
24 27 8998
25 27 5201
26 27 9768
0 28 7943
1 28 4704
2 28 1535
3 28 178
4 28 9813
5 28 5687
6 28 6636
7 28 3786
8 28 1393
9 28 4205
10 28 8308
11 28 3673
12 28 6675
13 28 392
14 28 8198
15 28 4274
16 28 7026
17 28 4349
18 28 6965
19 28 7234
20 28 7051
21 28 9123
22 28 4317
23 28 1516
24 28 5856
25 28 1118
26 28 7879
27 28 4835
0 29 3986
1 29 9449
2 29 1926
3 29 6770
4 29 4614
5 29 3585
6 29 584
7 29 3942
8 29 6229
9 29 4861
10 29 3964
11 29 9599
12 29 7859
13 29 4693
14 29 607
15 29 8861
16 29 6745
17 29 7887
18 29 2817
19 29 1280
20 29 7486
21 29 604
22 29 2276
23 29 9854
24 29 3304
25 29 2822
26 29 5506
27 29 9418
28 29 1773
0 30 3639
1 30 2231
2 30 5631
3 30 8660
4 30 1469
5 30 8186
6 30 7344
7 30 7745
8 30 8419
9 30 4710
10 30 700
11 30 9435
12 30 3716
13 30 8698
14 30 5015
15 30 1224
16 30 1038
17 30 8330
18 30 6757
19 30 9565
20 30 8359
21 30 1989
22 30 2362
23 30 8947
24 30 6946
25 30 6325
26 30 8475
27 30 8080
28 30 2011
29 30 5647
0 31 3633
1 31 4215
2 31 4041
3 31 520
4 31 5202
5 31 9912
6 31 3207
7 31 6813
8 31 9370
9 31 9732
10 31 7772
11 31 5302
12 31 4542
13 31 6766
14 31 8309
15 31 5065
16 31 7757
17 31 9038
18 31 6951
19 31 515
20 31 8187
21 31 9106
22 31 7196
23 31 4154
24 31 8875
25 31 1020
26 31 8415
27 31 1363
28 31 9589
29 31 3782
30 31 5806
0 32 658
1 32 3793
2 32 3586
3 32 5873
4 32 9249
5 32 6216
6 32 4486
7 32 2764
8 32 9251
9 32 6695
10 32 6175
11 32 1569
12 32 7355
13 32 1368
14 32 4344
15 32 1028
16 32 5383
17 32 798
18 32 3814
19 32 6024
20 32 2768
21 32 2697
22 32 5748
23 32 8402
24 32 642
25 32 8373
26 32 1976
27 32 3528
28 32 7632
29 32 5998
30 32 908
31 32 9525
0 33 5039
1 33 2062
2 33 1273
3 33 6871
4 33 9614
5 33 1700
6 33 4141
7 33 8236
8 33 8391
9 33 5571
10 33 5429
11 33 4579
12 33 6157
13 33 5547
14 33 1878
15 33 2536
16 33 5345
17 33 6265
18 33 8267
19 33 4665
20 33 8958
21 33 5091
22 33 1634
23 33 8745
24 33 4671
25 33 7652
26 33 4994
27 33 3688
28 33 858
29 33 6348
30 33 4832
31 33 5738
32 33 6553
0 34 9568
1 34 4767
2 34 3590
3 34 751
4 34 5858
5 34 5762
6 34 2545
7 34 2084
8 34 4859
9 34 6343
10 34 7721
11 34 4546
12 34 4871
13 34 951
14 34 9269
15 34 1149
16 34 3087
17 34 7777
18 34 6055
19 34 9717
20 34 9419
21 34 7088
22 34 4765
23 34 2338
24 34 7896
25 34 2681
26 34 8095
27 34 9820
28 34 8292
29 34 9115
30 34 3592
31 34 5075
32 34 4195
33 34 268
0 35 1008
1 35 4245
2 35 3741
3 35 7365
4 35 173
5 35 4648
6 35 8494
7 35 7759
8 35 5503
9 35 3961
10 35 6372
11 35 1333
12 35 8595
13 35 6983
14 35 4626
15 35 9664
16 35 3487
17 35 5784
18 35 1362
19 35 8036
20 35 7570
21 35 7564
22 35 6050
23 35 395
24 35 3824
25 35 1977
26 35 799
27 35 9924
28 35 4523
29 35 405
30 35 9176
31 35 5706
32 35 7173
33 35 3134
34 35 6844
0 36 9596
1 36 5246
2 36 3517
3 36 5155
4 36 1095
5 36 9957
6 36 5037
7 36 9739
8 36 9538
9 36 9148
10 36 6192
11 36 2262
12 36 8934
13 36 7235
14 36 9468
15 36 6382
16 36 5926
17 36 7646
18 36 7469
19 36 7296
20 36 7169
21 36 2672
22 36 8768
23 36 7409
24 36 560
25 36 1056
26 36 7621
27 36 1299
28 36 4704
29 36 1976
30 36 398
31 36 1128
32 36 8738
33 36 5547
34 36 5098
35 36 320
0 37 7482
1 37 2522
2 37 7079
3 37 9397
4 37 4001
5 37 7852
6 37 740
7 37 4238
8 37 817
9 37 5933
10 37 1087
11 37 9361
12 37 8860
13 37 728
14 37 423
15 37 8252
16 37 2677
17 37 310
18 37 7499
19 37 1400
20 37 9773
21 37 8558
22 37 2752
23 37 3566
24 37 2231
25 37 1015
26 37 374
27 37 987
28 37 3828
29 37 57
30 37 9622
31 37 9989
32 37 801
33 37 969
34 37 5100
35 37 3519
36 37 653
0 38 8437
1 38 5867
2 38 9088
3 38 9280
4 38 503
5 38 1612
6 38 4560
7 38 5989
8 38 1478
9 38 1904
10 38 5868
11 38 832
12 38 7575
13 38 4795
14 38 4779
15 38 8908
16 38 3175
17 38 9776
18 38 1090
19 38 628
20 38 9083
21 38 3297
22 38 6246
23 38 7542
24 38 6027
25 38 803
26 38 9526
27 38 6912
28 38 5008
29 38 7642
30 38 3345
31 38 2596
32 38 4331
33 38 1686
34 38 2350
35 38 679
36 38 6766
37 38 4049
0 39 2277
1 39 5386
2 39 4034
3 39 9784
4 39 1042
5 39 9421
6 39 9168
7 39 3274
8 39 2607
9 39 4255
10 39 334
11 39 1622
12 39 2057
13 39 7380
14 39 8968
15 39 4698
16 39 5077
17 39 456
18 39 616
19 39 783
20 39 3456
21 39 7967
22 39 7958
23 39 6777
24 39 5421
25 39 1352
26 39 6604
27 39 4554
28 39 4598
29 39 507
30 39 9841
31 39 9703
32 39 6774
33 39 5166
34 39 5594
35 39 6554
36 39 3906
37 39 5155
38 39 7216
0 40 9038
1 40 7982
2 40 13
3 40 1422
4 40 9539
5 40 9985
6 40 6746
7 40 4211
8 40 3818
9 40 8581
10 40 548
11 40 9444
12 40 4468
13 40 1316
14 40 6
15 40 271
16 40 2329
17 40 589
18 40 3527
19 40 340
20 40 1648
21 40 9290
22 40 844
23 40 8423
24 40 3495
25 40 2886
26 40 7659
27 40 1492
28 40 778
29 40 5301
30 40 4108
31 40 6821
32 40 5454
33 40 9975
34 40 7791
35 40 2051
36 40 8813
37 40 5717
38 40 2665
39 40 383
0 41 3488
1 41 8280
2 41 9074
3 41 7361
4 41 5574
5 41 3968
6 41 4501
7 41 9239
8 41 1415
9 41 2111
10 41 5901
11 41 2011
12 41 1920
13 41 5841
14 41 8120
15 41 3161
16 41 585
17 41 6825
18 41 7822
19 41 6946
20 41 793
21 41 7383
22 41 8058
23 41 266
24 41 3835
25 41 8025
26 41 1346
27 41 9045
28 41 1525
29 41 832
30 41 3003
31 41 8202
32 41 7426
33 41 5594
34 41 8169
35 41 9761
36 41 487
37 41 2055
38 41 1551
39 41 279
40 41 4211
0 42 1172
1 42 2020
2 42 1081
3 42 1468
4 42 2651
5 42 5225
6 42 7423
7 42 2871
8 42 3072
9 42 2728
10 42 999
11 42 950
12 42 7772
13 42 1879
14 42 5133
15 42 2362
16 42 2587
17 42 1826
18 42 8500
19 42 5271
20 42 7489
21 42 2536
22 42 5155
23 42 9772
24 42 4784
25 42 4780
26 42 6646
27 42 7195
28 42 8630
29 42 9980
30 42 7328
31 42 1567
32 42 234
33 42 9661
34 42 6816
35 42 4173
36 42 6737
37 42 1757
38 42 549
39 42 7783
40 42 1413
41 42 3788
0 43 3085
1 43 8747
2 43 4874
3 43 6091
4 43 1113
5 43 606
6 43 6871
7 43 5124
8 43 1809
9 43 7049
10 43 3952
11 43 3662
12 43 7061
13 43 3411
14 43 9524
15 43 8505
16 43 65
17 43 4752
18 43 311
19 43 5574
20 43 8752
21 43 9447
22 43 9040
23 43 7600
24 43 3736
25 43 5972
26 43 4242
27 43 6578
28 43 3766
29 43 1969
30 43 8003
31 43 5018
32 43 4801
33 43 2116
34 43 8697
35 43 156
36 43 182
37 43 589
38 43 5054
39 43 5230
40 43 7159
41 43 1401
42 43 5404
20 44 491
37 44 1482
29 44 2920
3 44 911
11 44 4960
2 44 6658
4 44 854
15 44 1764
34 44 7694
7 44 7540
12 44 8707
10 44 6325
16 44 7840
35 44 880
18 44 9610
41 44 5393
6 44 7831
28 44 3596
5 44 4217
0 44 6604
17 44 1576
40 44 4959
39 44 6821
43 44 8451
1 44 2360
9 44 2937
24 44 6153
38 44 3287
31 44 5254
26 44 7138
42 44 204
23 44 5919
25 44 360
32 44 8792
19 44 1573
21 44 4342
30 44 642
33 44 2200
13 44 9921
14 44 6325
36 44 1456
8 44 6235
22 44 5779
22 45 2849
13 45 2768
23 45 8295
3 45 211
2 45 5475
14 45 5521
27 45 8047
6 45 3764
24 45 5839
26 45 6958
19 45 246
9 45 8484
1 45 2164
32 45 5348
39 45 9582
4 45 733
18 45 4255
10 45 3096
21 45 414
34 45 3100
42 45 3895
35 45 650
7 45 9147
33 45 2328
43 45 4685
30 45 7452
41 45 2339
15 45 5392
25 45 3001
8 45 4893
16 45 8844
0 45 7063
40 45 968
38 45 7637
44 45 4121
12 45 3800
37 45 7150
29 45 5801
11 45 829
36 45 3378
20 45 8608
5 45 9212
17 45 4398
37 46 4041
12 46 4421
1 46 1865
42 46 156
44 46 8408
43 46 6666
19 46 9588
30 46 3720
10 46 9874
38 46 8644
35 46 1007
32 46 9574
28 46 8159
4 46 6118
18 46 6333
5 46 1730
36 46 4375
16 46 2444
3 46 8744
11 46 2670
8 46 1930
6 46 7107
7 46 8662
15 46 6741
2 46 8243
20 46 6715
27 46 5555
41 46 9831
31 46 2576
25 46 2611
39 46 8533
23 46 6455
24 46 7249
14 46 734
21 46 752
0 46 8083
33 46 6857
29 46 9374
13 46 1758
26 46 1361
22 46 2406
34 46 3783
45 46 5463
32 47 311
16 47 4954
8 47 3828
11 47 7850
14 47 2194
22 47 9060
6 47 1709
13 47 6565
30 47 4912
26 47 4778
0 47 1047
41 47 7721
46 47 4642
20 47 1494
1 47 513
39 47 4804
36 47 2727
21 47 9326
7 47 5214
40 47 837
33 47 7670
45 47 7062
18 47 5900
42 47 5365
38 47 2968
34 47 9980
44 47 4430
35 47 9987
28 47 9871
2 47 9051
17 47 7357
25 47 6853
24 47 1492
5 47 3353
37 47 1225
4 47 448
29 47 3289
9 47 7054
19 47 9798
43 47 6192
12 47 6680
31 47 6265
10 47 6373
43 48 8005
39 48 7477
23 48 1240
21 48 6047
16 48 1574
24 48 4214
9 48 9983
44 48 7482
20 48 7712
19 48 555
28 48 9720
31 48 8829
8 48 7451
1 48 1166
18 48 8755
6 48 7310
40 48 1722
29 48 5685
17 48 7992
32 48 7294
42 48 1683
0 48 1285
36 48 4937
4 48 8784
22 48 8165
35 48 287
47 48 9468
3 48 2569
2 48 421
33 48 5720
25 48 8739
14 48 5348
45 48 4546
13 48 6331
30 48 3351
41 48 9776
12 48 2516
34 48 7200
5 48 5736
37 48 759
7 48 5590
27 48 4111
11 48 8119
2 49 991
19 49 5860
34 49 9643
16 49 3536
47 49 9391
45 49 6848
38 49 8987
42 49 7373
31 49 9725
46 49 8688
43 49 2738
28 49 7890
13 49 4905
6 49 8281
12 49 9430
17 49 2357
24 49 2839
48 49 4242
4 49 4945
26 49 5926
1 49 7214
30 49 5780
23 49 5364
10 49 6024
0 49 584
15 49 5560
41 49 6885
20 49 746
9 49 8565
29 49 6771
39 49 29
21 49 1589
25 49 2894
27 49 4446
40 49 6042
44 49 4589
22 49 6853
35 49 8180
37 49 6414
8 49 6350
36 49 7382
32 49 5252
18 49 3822
