40 402
0 1 9636
0 2 1162
1 2 6160
0 3 590
1 3 8754
2 3 844
0 4 5430
1 4 1942
2 4 4685
3 4 9841
0 5 6146
1 5 8749
2 5 5296
3 5 1935
4 5 960
0 6 3527
1 6 1240
2 6 4351
3 6 1000
4 6 9683
5 6 3208
0 7 5973
1 7 1369
2 7 3867
3 7 1907
4 7 3227
5 7 4531
6 7 4238
0 8 9486
1 8 2446
2 8 2432
3 8 2927
4 8 4288
5 8 5972
6 8 9481
7 8 5586
0 9 1706
1 9 8468
2 9 490
3 9 8933
4 9 6048
5 9 8645
6 9 4192
7 9 4962
8 9 7774
0 10 619
1 10 9567
2 10 5484
3 10 4217
4 10 3087
5 10 7207
6 10 1523
7 10 8654
8 10 4057
9 10 2895
0 11 2882
1 11 1769
2 11 3520
3 11 5168
4 11 4098
5 11 1199
6 11 3037
7 11 4941
8 11 8421
9 11 8228
10 11 2506
0 12 2096
1 12 4707
2 12 9486
3 12 7750
4 12 3053
5 12 7889
6 12 5574
7 12 583
8 12 7591
9 12 230
10 12 5310
11 12 41
12 13 7114
7 13 1336
0 13 1014
9 13 2380
5 13 2038
6 13 5029
11 13 2459
2 13 7420
3 13 3847
10 13 9650
4 13 3587
1 13 1173
0 14 8360
11 14 6159
10 14 5388
4 14 1018
1 14 4448
12 14 3154
7 14 6377
5 14 6670
13 14 3541
2 14 832
6 14 5339
9 14 8570
0 15 1320
3 15 5324
11 15 6543
4 15 2471
5 15 3795
8 15 5143
2 15 999
10 15 7099
13 15 7538
9 15 4868
7 15 5792
6 15 9090
8 16 9436
9 16 2337
7 16 5406
15 16 5924
4 16 1624
10 16 2022
0 16 4701
6 16 6222
5 16 1544
12 16 8992
2 16 4663
11 16 6941
16 17 1982
11 17 2045
13 17 7116
0 17 1630
2 17 909
10 17 5527
15 17 2295
9 17 8123
4 17 7867
8 17 4815
6 17 7038
3 17 216
10 18 1213
15 18 9699
6 18 9737
5 18 1155
13 18 8590
17 18 2551
11 18 2921
14 18 2762
9 18 4742
8 18 2551
2 18 6746
4 18 5110
16 19 4828
6 19 3830
15 19 4061
4 19 2013
13 19 8890
14 19 7837
7 19 8308
17 19 711
18 19 1058
9 19 487
0 19 541
1 19 3677
5 20 1098
12 20 8864
13 20 3693
3 20 7042
7 20 8800
11 20 3341
10 20 9298
2 20 3315
16 20 7312
1 20 1211
18 20 2199
9 20 6267
12 21 6373
18 21 6461
0 21 3180
19 21 3632
6 21 5501
5 21 9273
10 21 8182
9 21 6307
4 21 7183
20 21 7719
11 21 3780
7 21 3669
12 22 9996
1 22 5952
11 22 5815
5 22 6351
3 22 7594
0 22 5983
21 22 839
9 22 9093
17 22 6701
13 22 8181
8 22 2499
15 22 9444
15 23 9781
18 23 5833
12 23 3280
21 23 8924
0 23 3153
13 23 9536
17 23 8962
6 23 5669
8 23 407
5 23 2466
1 23 8084
4 23 9034
8 24 5734
13 24 4696
17 24 183
14 24 2908
15 24 5365
5 24 5970
21 24 2493
10 24 5149
6 24 7707
12 24 9476
18 24 5171
19 24 9829
0 25 2688
7 25 1413
15 25 9385
3 25 1199
20 25 7572
9 25 1251
16 25 2803
12 25 4166
4 25 2676
6 25 5534
5 25 2405
13 25 8199
14 26 508
4 26 4220
11 26 5560
25 26 9466
19 26 8569
12 26 9859
1 26 2973
8 26 2302
20 26 5422
2 26 2507
0 26 5633
21 26 9936
17 27 7000
23 27 2246
15 27 8817
24 27 5124
6 27 6905
1 27 7412
16 27 6319
14 27 1837
11 27 3959
7 27 2942
3 27 2354
21 27 4110
26 28 7661
6 28 6041
20 28 2331
3 28 5982
7 28 5220
1 28 7232
12 28 1878
2 28 5252
4 28 5474
5 28 942
8 28 3524
24 28 2268
5 29 7024
22 29 7175
10 29 1793
1 29 8513
2 29 777
17 29 5181
6 29 7869
4 29 980
8 29 9024
26 29 8209
0 29 4986
9 29 2889
13 30 7799
3 30 5295
10 30 1754
24 30 3835
17 30 9214
19 30 53
12 30 6643
8 30 6216
23 30 1925
0 30 9638
18 30 1253
29 30 2982
9 31 494
6 31 4570
7 31 277
11 31 1325
24 31 6300
3 31 1184
18 31 824
23 31 3865
2 31 9334
5 31 2550
28 31 9993
29 31 1832
9 32 7306
17 32 3997
4 32 1879
28 32 9978
11 32 4504
23 32 2565
31 32 4956
30 32 5611
20 32 295
27 32 9614
5 32 8511
2 32 748
20 33 643
14 33 9537
23 33 1084
26 33 4867
18 33 6753
1 33 200
29 33 6489
2 33 3854
12 33 9752
27 33 5393
28 33 1048
4 33 671
28 34 7362
31 34 7376
29 34 7877
6 34 7611
8 34 1051
3 34 2463
26 34 716
18 34 9551
25 34 428
13 34 9923
9 34 1738
2 34 566
17 35 6585
10 35 8117
30 35 1803
3 35 9396
11 35 4679
14 35 4470
5 35 8649
7 35 7200
0 35 1254
20 35 711
21 35 9286
15 35 3591
12 36 2272
10 36 567
31 36 446
20 36 1132
8 36 6980
29 36 6569
0 36 1663
2 36 807
6 36 4426
3 36 8475
14 36 5623
26 36 4082
2 37 6139
26 37 4077
19 37 7615
8 37 4079
20 37 7432
0 37 6978
12 37 6893
27 37 7548
30 37 2517
4 37 496
29 37 119
31 37 9770
27 38 5007
28 38 6428
7 38 3525
0 38 3142
4 38 8581
11 38 6942
14 38 3351
23 38 6386
5 38 5361
2 38 2023
33 38 6031
9 38 22
23 39 8289
21 39 5825
13 39 1186
7 39 5077
18 39 3489
16 39 866
9 39 4198
0 39 232
24 39 6611
12 39 1300
37 39 9515
4 39 8157
