20 190
0 1 1
0 2 1
1 2 2
0 3 3
1 3 4
2 3 3
0 4 2
1 4 2
2 4 1
3 4 1
0 5 5
1 5 3
2 5 5
3 5 1
4 5 2
0 6 1
1 6 3
2 6 5
3 6 1
4 6 2
5 6 4
0 7 1
1 7 1
2 7 2
3 7 4
4 7 2
5 7 1
6 7 2
0 8 4
1 8 5
2 8 4
3 8 1
4 8 3
5 8 2
6 8 3
7 8 2
0 9 5
1 9 3
2 9 1
3 9 3
4 9 2
5 9 1
6 9 4
7 9 1
8 9 5
0 10 3
1 10 2
2 10 1
3 10 4
4 10 4
5 10 1
6 10 3
7 10 1
8 10 5
9 10 2
0 11 2
1 11 4
2 11 3
3 11 5
4 11 5
5 11 1
6 11 5
7 11 1
8 11 2
9 11 3
10 11 2
0 12 3
1 12 2
2 12 4
3 12 1
4 12 4
5 12 2
6 12 3
7 12 5
8 12 4
9 12 2
10 12 2
11 12 4
0 13 1
1 13 2
2 13 2
3 13 2
4 13 2
5 13 5
6 13 3
7 13 5
8 13 4
9 13 5
10 13 5
11 13 3
12 13 5
0 14 5
1 14 2
2 14 2
3 14 2
4 14 1
5 14 5
6 14 1
7 14 2
8 14 5
9 14 5
10 14 2
11 14 1
12 14 1
13 14 1
0 15 3
1 15 3
2 15 4
3 15 3
4 15 1
5 15 1
6 15 2
7 15 4
8 15 4
9 15 3
10 15 5
11 15 2
12 15 4
13 15 1
14 15 4
0 16 3
1 16 3
2 16 1
3 16 5
4 16 1
5 16 5
6 16 3
7 16 2
8 16 4
9 16 5
10 16 2
11 16 1
12 16 5
13 16 3
14 16 2
15 16 2
0 17 2
1 17 3
2 17 2
3 17 5
4 17 3
5 17 4
6 17 3
7 17 3
8 17 4
9 17 2
10 17 5
11 17 1
12 17 5
13 17 5
14 17 5
15 17 1
16 17 2
0 18 3
1 18 5
2 18 1
3 18 5
4 18 4
5 18 3
6 18 2
7 18 2
8 18 4
9 18 2
10 18 4
11 18 4
12 18 3
13 18 1
14 18 2
15 18 1
16 18 3
17 18 5
0 19 1
1 19 5
2 19 5
3 19 1
4 19 4
5 19 2
6 19 2
7 19 4
8 19 4
9 19 2
10 19 4
11 19 2
12 19 1
13 19 1
14 19 5
15 19 3
16 19 3
17 19 3
18 19 4
