60 392
0 1 4
0 2 3
1 2 5
0 3 4
1 3 4
2 3 1
0 4 5
1 4 3
2 4 4
3 4 2
0 5 1
1 5 2
2 5 3
3 5 4
4 5 3
0 6 4
1 6 4
2 6 2
3 6 3
4 6 4
5 6 2
0 7 5
1 7 5
2 7 5
3 7 3
4 7 3
5 7 3
6 7 5
0 8 2
1 8 3
2 8 4
7 8 5
3 8 4
5 8 3
4 8 4
2 9 5
3 9 2
6 9 4
4 9 4
5 9 1
8 9 1
7 9 4
0 10 4
5 10 3
2 10 5
9 10 1
3 10 4
7 10 5
4 10 3
4 11 4
0 11 2
2 11 3
1 11 5
10 11 4
9 11 1
7 11 4
1 12 5
4 12 5
5 12 5
2 12 3
11 12 4
0 12 5
9 12 2
8 13 4
3 13 5
12 13 1
4 13 1
6 13 2
5 13 2
7 13 1
3 14 3
5 14 5
4 14 4
7 14 3
12 14 1
2 14 3
8 14 1
0 15 2
6 15 2
4 15 3
12 15 2
5 15 5
10 15 4
13 15 5
2 16 2
7 16 1
13 16 1
12 16 2
5 16 3
4 16 1
14 16 3
9 17 5
6 17 1
10 17 3
7 17 4
13 17 5
8 17 1
3 17 1
6 18 3
4 18 5
7 18 2
12 18 2
13 18 1
0 18 3
10 18 1
0 19 4
5 19 3
6 19 4
3 19 3
8 19 4
16 19 3
9 19 5
9 20 2
5 20 5
17 20 3
4 20 4
11 20 4
15 20 5
3 20 4
16 21 2
18 21 1
12 21 1
10 21 3
13 21 4
7 21 3
20 21 5
21 22 2
14 22 1
7 22 1
2 22 5
12 22 5
4 22 4
10 22 4
20 23 4
0 23 3
12 23 5
7 23 2
4 23 4
17 23 3
8 23 4
14 24 5
7 24 1
4 24 4
13 24 1
18 24 5
11 24 2
0 24 4
13 25 4
3 25 1
22 25 3
8 25 5
7 25 2
2 25 1
9 25 5
3 26 2
12 26 3
7 26 1
10 26 3
0 26 3
13 26 3
2 26 4
5 27 2
4 27 2
7 27 5
10 27 2
13 27 4
20 27 5
3 27 5
1 28 1
15 28 1
5 28 3
3 28 4
21 28 4
10 28 2
19 28 1
25 29 1
18 29 3
4 29 4
1 29 5
19 29 5
17 29 1
3 29 5
7 30 4
0 30 1
4 30 1
26 30 1
29 30 1
8 30 1
3 30 5
7 31 5
29 31 3
23 31 3
5 31 4
18 31 4
0 31 1
1 31 4
30 32 3
13 32 3
24 32 3
4 32 3
17 32 1
3 32 1
20 32 4
0 33 5
27 33 3
30 33 5
14 33 2
6 33 1
7 33 2
21 33 4
28 34 2
15 34 3
17 34 2
1 34 5
14 34 1
12 34 5
13 34 2
8 35 2
32 35 4
7 35 3
4 35 2
6 35 1
2 35 5
13 35 1
19 36 4
30 36 2
6 36 3
14 36 1
24 36 2
13 36 5
29 36 1
13 37 2
4 37 4
25 37 2
10 37 2
7 37 3
31 37 3
36 37 5
20 38 3
27 38 1
19 38 1
13 38 2
2 38 3
3 38 2
22 38 1
36 39 4
10 39 1
38 39 3
7 39 1
14 39 2
17 39 3
16 39 2
3 40 4
22 40 4
0 40 2
39 40 4
6 40 1
36 40 1
24 40 3
17 41 4
21 41 2
8 41 1
6 41 1
40 41 2
24 41 3
13 41 2
18 42 4
34 42 4
32 42 1
5 42 5
22 42 2
14 42 1
16 42 1
19 43 1
5 43 4
12 43 1
40 43 5
0 43 3
3 43 4
37 43 1
13 44 2
41 44 3
22 44 5
3 44 4
6 44 5
39 44 2
17 44 5
8 45 1
5 45 3
21 45 2
22 45 5
0 45 2
7 45 4
16 45 2
14 46 5
37 46 3
34 46 5
8 46 4
1 46 5
32 46 4
0 46 1
0 47 4
14 47 1
31 47 3
2 47 5
9 47 5
13 47 4
38 47 3
25 48 5
45 48 2
21 48 4
39 48 4
5 48 2
1 48 2
0 48 5
8 49 3
18 49 4
11 49 3
30 49 4
3 49 4
13 49 1
7 49 1
13 50 3
17 50 2
21 50 5
0 50 4
20 50 4
29 50 4
40 50 2
26 51 2
6 51 4
13 51 4
43 51 5
32 51 3
22 51 4
3 51 1
2 52 5
4 52 4
12 52 4
27 52 1
30 52 1
5 52 3
43 52 2
50 53 2
24 53 1
0 53 1
37 53 1
2 53 5
7 53 5
27 53 3
37 54 2
11 54 5
4 54 2
12 54 1
52 54 1
20 54 4
39 54 1
0 55 3
7 55 3
23 55 3
15 55 4
22 55 1
38 55 1
39 55 5
26 56 3
10 56 1
8 56 3
13 56 5
7 56 2
14 56 2
9 56 5
5 57 2
19 57 1
0 57 1
46 57 4
35 57 4
3 57 4
40 57 1
32 58 5
4 58 2
19 58 1
13 58 3
33 58 2
6 58 4
25 58 4
4 59 5
1 59 2
28 59 4
8 59 1
29 59 5
14 59 4
37 59 5
