250 1235
0 1 4195
0 2 5653
1 2 2504
0 3 5936
1 3 9669
2 3 6502
0 4 9461
1 4 6234
2 4 3269
3 4 5244
0 5 2609
1 5 1077
2 5 4155
3 5 1619
4 5 6129
3 6 2730
4 6 2639
0 6 5431
5 6 1083
2 6 9613
1 7 6473
5 7 8436
6 7 6502
4 7 4352
0 7 7981
2 8 332
6 8 9833
1 8 5393
4 8 8319
3 8 5773
0 9 3123
8 9 16
6 9 1629
3 9 3616
4 9 7069
0 10 7567
7 10 3117
2 10 6887
5 10 8397
9 10 4659
6 11 5893
5 11 9457
2 11 4958
4 11 2585
8 11 3125
6 12 4629
4 12 4435
3 12 970
0 12 6531
2 12 9582
2 13 4521
8 13 1473
10 13 1426
4 13 8598
9 13 8993
3 14 6080
6 14 6952
4 14 7205
10 14 9873
1 14 7314
3 15 654
1 15 3618
2 15 2423
5 15 3308
0 15 558
5 16 9721
13 16 1816
0 16 2134
2 16 6678
11 16 1390
2 17 8937
8 17 507
4 17 5967
6 17 2576
3 17 9616
2 18 2316
8 18 1418
4 18 1077
10 18 6537
3 18 7365
17 19 9927
18 19 2779
1 19 7231
5 19 6006
16 19 6315
13 20 5965
5 20 8661
2 20 6159
0 20 5777
1 20 1121
20 21 8323
4 21 1509
14 21 4755
2 21 9355
6 21 6854
7 22 2704
4 22 392
6 22 7158
8 22 6358
18 22 4942
10 23 3320
15 23 2386
21 23 2088
19 23 3452
7 23 7946
4 24 6514
18 24 2818
3 24 9470
0 24 5173
12 24 7049
17 25 3049
6 25 4638
1 25 2478
21 25 6237
8 25 9418
1 26 752
19 26 8530
11 26 3784
14 26 940
21 26 918
1 27 1755
15 27 4435
20 27 2500
6 27 8107
16 27 8068
17 28 1023
3 28 5272
2 28 203
1 28 2390
10 28 385
21 29 966
4 29 4785
2 29 6546
8 29 9754
6 29 4912
26 30 1270
3 30 3385
2 30 4734
5 30 8968
6 30 8101
0 31 6944
12 31 9413
10 31 8805
13 31 3643
3 31 2662
4 32 1564
1 32 8730
23 32 2381
17 32 6020
21 32 7167
19 33 8143
7 33 3135
8 33 1135
32 33 8535
14 33 2790
30 34 5153
6 34 1380
3 34 8377
2 34 4973
5 34 7822
20 35 3997
4 35 965
1 35 2100
3 35 8000
30 35 7706
13 36 7800
4 36 8708
5 36 1977
19 36 7710
18 36 1399
2 37 6586
4 37 7315
32 37 9438
22 37 974
26 37 6767
6 38 8828
30 38 7124
22 38 7305
1 38 4454
8 38 1469
2 39 5027
8 39 7237
26 39 9838
3 39 171
1 39 3732
0 40 9388
10 40 8750
4 40 7972
13 40 157
30 40 8046
37 41 7848
25 41 9513
4 41 5867
6 41 4664
11 41 2484
30 42 1184
1 42 6092
4 42 1259
17 42 5063
10 42 4191
26 43 9092
36 43 9114
19 43 607
20 43 9835
38 43 1993
39 44 7140
4 44 2248
2 44 1266
23 44 5188
1 44 1851
6 45 1916
16 45 8937
11 45 1804
34 45 3990
7 45 415
0 46 6091
30 46 8878
39 46 9487
2 46 2741
11 46 4812
6 47 8394
2 47 4868
1 47 5892
38 47 6264
8 47 6115
30 48 4165
18 48 8158
3 48 1567
1 48 8578
0 48 3836
8 49 5089
30 49 3198
20 49 2213
29 49 9702
28 49 9745
25 50 4989
41 50 9871
37 50 1297
29 50 5887
13 50 6408
13 51 4470
1 51 8385
14 51 7971
20 51 7350
21 51 1078
33 52 4566
1 52 7282
28 52 462
41 52 2929
18 52 237
4 53 4960
8 53 4767
2 53 1007
11 53 4371
46 53 8565
1 54 2854
2 54 8834
10 54 9429
8 54 8381
0 54 3976
1 55 239
3 55 5489
4 55 7564
15 55 7511
30 55 7452
2 56 5657
1 56 3522
10 56 1788
7 56 8301
19 56 361
41 57 5182
6 57 1307
48 57 1834
14 57 8247
22 57 6430
1 58 6483
44 58 911
20 58 9756
32 58 8549
43 58 4639
3 59 2049
52 59 7902
28 59 6755
5 59 4062
48 59 2477
35 60 9803
16 60 9822
4 60 8335
49 60 2323
37 60 1547
34 61 8038
58 61 7630
49 61 4428
18 61 9453
17 61 5954
8 62 5115
58 62 982
54 62 6221
0 62 176
33 62 7792
46 63 429
62 63 7055
1 63 8821
3 63 4285
38 63 8946
52 64 5392
20 64 5472
58 64 9360
13 64 7184
17 64 9468
8 65 9939
45 65 1403
49 65 5330
30 65 8778
21 65 7187
34 66 2071
15 66 7169
4 66 3226
8 66 7891
25 66 3287
14 67 8531
61 67 6811
29 67 9509
6 67 6981
30 67 475
23 68 7377
15 68 1187
3 68 5651
26 68 7068
4 68 7944
37 69 101
25 69 1252
51 69 5318
41 69 2478
40 69 9188
1 70 4590
26 70 8477
67 70 7027
30 70 2416
61 70 286
63 71 6764
8 71 7720
41 71 6095
16 71 6527
56 71 7916
43 72 520
17 72 8349
9 72 2861
15 72 6248
10 72 2382
4 73 6317
7 73 8272
51 73 6439
1 73 8059
6 73 3295
55 74 4661
62 74 5249
15 74 6222
54 74 9871
70 74 334
27 75 8409
10 75 1973
56 75 4707
30 75 562
11 75 3103
36 76 3280
21 76 7366
8 76 5079
51 76 3345
61 76 7540
45 77 4559
34 77 7458
4 77 5496
58 77 5819
76 77 850
75 78 6494
19 78 9122
15 78 4439
48 78 6315
4 78 5288
4 79 5656
10 79 4993
16 79 7701
36 79 789
65 79 5671
4 80 2081
20 80 4917
59 80 8114
13 80 2546
5 80 4877
78 81 3197
6 81 4142
76 81 1269
5 81 4342
69 81 7606
2 82 6446
5 82 790
55 82 2262
17 82 4403
32 82 8061
19 83 133
15 83 5058
57 83 52
20 83 2894
41 83 3148
9 84 7880
7 84 8335
0 84 414
71 84 7850
6 84 2283
4 85 5033
72 85 709
5 85 7723
11 85 9249
38 85 9037
5 86 7029
2 86 5917
45 86 7076
4 86 4913
19 86 5431
1 87 815
20 87 9656
49 87 5953
32 87 6111
22 87 2842
68 88 2381
14 88 8899
5 88 3173
81 88 5974
6 88 6240
29 89 7132
0 89 4156
66 89 6064
13 89 2486
3 89 9971
36 90 9307
41 90 3116
25 90 5623
52 90 5606
37 90 6951
58 91 6205
39 91 289
46 91 8124
21 91 9374
17 91 365
78 92 6765
35 92 5791
8 92 6632
37 92 6944
14 92 1492
22 93 516
76 93 1554
71 93 7867
25 93 8906
65 93 4787
4 94 5767
65 94 8469
2 94 1987
20 94 234
71 94 2807
1 95 5216
30 95 9092
51 95 6931
29 95 2849
81 95 6199
35 96 9595
8 96 4435
81 96 8940
5 96 1563
68 96 7898
62 97 2808
35 97 6375
27 97 7309
48 97 7076
38 97 6439
20 98 6294
58 98 5672
8 98 8064
49 98 5284
10 98 6635
76 99 4546
18 99 1124
74 99 8506
30 99 7732
43 99 7752
14 100 8051
8 100 5472
6 100 2660
0 100 3162
41 100 5384
71 101 327
21 101 6546
14 101 7875
18 101 5458
20 101 5898
83 102 7373
59 102 8080
64 102 4345
36 102 6122
46 102 7770
74 103 1226
10 103 5969
51 103 8198
102 103 4311
21 103 9835
56 104 1848
79 104 1441
84 104 2382
3 104 9040
19 104 3088
3 105 7063
29 105 1993
57 105 704
40 105 8059
5 105 533
30 106 9307
39 106 3678
97 106 8872
50 106 2839
100 106 3332
91 107 6956
2 107 8361
35 107 8418
105 107 9597
55 107 7281
9 108 8761
16 108 9520
0 108 7104
14 108 4748
27 108 3044
86 109 6975
5 109 886
18 109 7503
104 109 8524
65 109 5681
1 110 7624
47 110 6198
17 110 6393
14 110 5562
10 110 9662
7 111 6532
0 111 7038
62 111 5840
21 111 5324
75 111 673
8 112 6583
53 112 4459
37 112 4468
94 112 4296
32 112 619
3 113 6591
41 113 9869
25 113 5383
90 113 9726
70 113 4083
6 114 8539
19 114 1962
20 114 6589
27 114 3153
99 114 5866
69 115 9269
61 115 9797
110 115 7076
11 115 2790
47 115 3845
62 116 3840
2 116 5372
39 116 3869
16 116 9800
8 116 9590
70 117 1713
4 117 9562
82 117 2576
23 117 4121
57 117 6750
11 118 5416
4 118 8377
1 118 4465
0 118 2671
84 118 7132
65 119 8697
22 119 5137
62 119 3480
21 119 5476
18 119 8912
111 120 9658
4 120 376
8 120 3758
5 120 7980
75 120 3761
32 121 4804
102 121 8031
105 121 381
55 121 7303
79 121 3287
47 122 8364
31 122 8048
62 122 8345
40 122 4524
101 122 2884
19 123 3684
122 123 5269
18 123 8240
113 123 7159
44 123 5532
99 124 1451
0 124 5021
4 124 6388
75 124 4799
41 124 2612
4 125 8935
7 125 7887
30 125 4173
112 125 4597
55 125 5177
11 126 425
79 126 6391
18 126 5131
91 126 9559
86 126 5974
6 127 4037
26 127 5565
49 127 9035
14 127 6906
16 127 7550
13 128 8349
120 128 4852
14 128 5188
3 128 1533
4 128 9497
47 129 5294
114 129 9769
55 129 5342
102 129 8579
16 129 6366
37 130 6599
59 130 1296
113 130 7637
1 130 7729
112 130 114
17 131 9999
28 131 1528
43 131 6761
3 131 4704
8 131 877
25 132 9146
2 132 2965
102 132 4780
107 132 2136
110 132 1325
86 133 7163
112 133 4914
49 133 1586
11 133 2050
44 133 617
78 134 1355
73 134 8678
12 134 3185
2 134 2988
6 134 3202
56 135 5122
41 135 8376
97 135 2722
28 135 5889
66 135 316
111 136 8427
6 136 9148
4 136 3650
18 136 618
1 136 8880
114 137 3738
11 137 7240
5 137 8175
8 137 4616
85 137 6973
2 138 3466
15 138 457
36 138 4508
28 138 1691
0 138 4762
7 139 1460
113 139 2122
17 139 3918
3 139 6423
91 139 8018
112 140 2196
75 140 8517
82 140 9474
42 140 8857
102 140 1217
68 141 5971
59 141 8218
74 141 6493
8 141 5314
58 141 1576
40 142 7472
112 142 1521
63 142 4211
69 142 6875
58 142 3641
2 143 5286
81 143 1808
23 143 3616
22 143 3584
42 143 781
27 144 3341
17 144 7964
23 144 8769
46 144 322
61 144 3144
18 145 4519
33 145 8097
1 145 4878
5 145 3999
92 145 1128
58 146 5797
81 146 6525
25 146 6069
5 146 2868
13 146 2508
5 147 9887
54 147 5338
2 147 9637
17 147 5068
13 147 1796
4 148 238
59 148 5929
143 148 5345
26 148 6385
115 148 3963
106 149 3378
81 149 6415
110 149 8929
112 149 215
128 149 8594
84 150 9380
14 150 3354
19 150 3197
82 150 5781
119 150 2774
0 151 760
68 151 7974
96 151 3662
126 151 9845
20 151 5047
22 152 2017
36 152 8506
30 152 6643
76 152 7013
1 152 21
19 153 4361
15 153 9973
54 153 405
20 153 3319
14 153 979
100 154 5233
51 154 2597
13 154 7467
18 154 1885
142 154 9455
38 155 1461
30 155 8010
79 155 2457
113 155 6043
17 155 322
20 156 171
36 156 6682
95 156 3700
101 156 1996
79 156 1311
44 157 3591
107 157 3474
155 157 3886
18 157 7524
14 157 7180
33 158 4622
68 158 8160
17 158 5577
139 158 1404
4 158 5618
77 159 1005
3 159 5902
55 159 5133
40 159 6817
14 159 5278
121 160 6633
0 160 9945
34 160 7713
5 160 984
38 160 1030
70 161 3598
81 161 8443
44 161 3598
111 161 5241
110 161 5528
47 162 4191
0 162 9644
16 162 4476
25 162 472
92 162 8132
130 163 8825
34 163 2361
54 163 2210
40 163 1560
78 163 7757
107 164 5804
20 164 1559
81 164 2193
32 164 3670
52 164 9643
102 165 5374
116 165 3091
124 165 4802
153 165 8900
159 165 3250
106 166 4530
28 166 1790
2 166 493
8 166 3631
136 166 1422
79 167 6063
30 167 1465
10 167 1748
8 167 4929
7 167 8747
70 168 6996
84 168 8299
1 168 5253
32 168 4395
123 168 5121
78 169 343
68 169 9405
16 169 7327
6 169 6148
159 169 4112
1 170 889
111 170 987
84 170 4863
18 170 698
124 170 3393
29 171 3049
150 171 5421
27 171 3542
4 171 9713
6 171 1377
163 172 7792
100 172 1618
18 172 1085
25 172 1710
142 172 3550
102 173 3636
78 173 7017
64 173 5696
22 173 7186
0 173 3101
140 174 5306
72 174 8345
42 174 1484
127 174 3122
25 174 2512
153 175 505
39 175 7724
14 175 5448
20 175 3961
149 175 6008
82 176 3251
40 176 1756
13 176 1914
10 176 8051
39 176 7177
90 177 7163
151 177 8791
16 177 3802
112 177 2701
79 177 4559
2 178 4196
4 178 1232
81 178 1214
76 178 2734
96 178 8235
32 179 2820
101 179 9492
79 179 1219
172 179 1533
48 179 71
3 180 5664
105 180 7083
127 180 784
40 180 9301
75 180 4422
18 181 2646
143 181 6098
6 181 2090
71 181 7804
25 181 2128
4 182 2655
19 182 4104
86 182 150
18 182 2358
22 182 9281
6 183 6670
51 183 2070
119 183 595
86 183 1506
12 183 2355
84 184 9434
1 184 1207
170 184 1701
79 184 5190
90 184 9962
140 185 7473
80 185 7969
109 185 6029
46 185 6182
20 185 567
2 186 1066
68 186 9491
60 186 1056
155 186 5231
6 186 8757
21 187 1366
18 187 6420
186 187 6332
20 187 5382
32 187 5921
113 188 8043
125 188 8809
185 188 6102
55 188 3953
12 188 9332
14 189 3738
8 189 3622
171 189 7298
22 189 5640
116 189 4871
143 190 8797
27 190 408
40 190 7927
87 190 6561
11 190 4204
43 191 5408
44 191 4084
155 191 4844
90 191 8282
6 191 2189
35 192 8873
22 192 6746
36 192 9106
146 192 3041
76 192 9825
28 193 942
134 193 4830
27 193 6709
2 193 7235
16 193 6199
16 194 6269
183 194 7935
20 194 9021
83 194 2722
2 194 8698
36 195 1280
1 195 808
8 195 3403
3 195 2979
65 195 9933
118 196 2879
17 196 9236
62 196 782
84 196 4195
170 196 5121
79 197 1339
8 197 316
114 197 5253
6 197 6468
194 197 9160
6 198 2987
172 198 8013
11 198 2322
97 198 8281
10 198 5973
40 199 3839
21 199 5016
65 199 3799
1 199 1652
57 199 3192
81 200 5630
71 200 8201
18 200 2521
116 200 9529
48 200 3682
67 201 5926
196 201 9562
9 201 7603
6 201 8970
128 201 9567
26 202 8153
107 202 326
97 202 6504
9 202 1948
0 202 8828
27 203 8391
82 203 1080
122 203 8227
21 203 61
109 203 5968
59 204 9643
10 204 5830
122 204 6208
25 204 441
15 204 6195
2 205 4236
195 205 3147
107 205 2308
1 205 4621
30 205 9146
188 206 9198
65 206 6502
107 206 9663
93 206 9512
84 206 9215
204 207 2405
7 207 4671
8 207 7379
72 207 5780
5 207 7314
68 208 4938
32 208 6202
203 208 8373
3 208 5447
21 208 6094
7 209 7195
48 209 6843
141 209 3102
50 209 6053
0 209 4077
25 210 2963
55 210 606
1 210 7058
168 210 965
66 210 6748
10 211 6876
3 211 5044
20 211 176
109 211 6502
45 211 747
6 212 2213
94 212 5684
71 212 274
39 212 8451
112 212 4365
182 213 2363
14 213 1842
5 213 3063
97 213 3037
121 213 6975
1 214 7818
68 214 5613
6 214 3926
196 214 4496
137 214 7534
19 215 8020
185 215 8109
103 215 699
165 215 5782
4 215 448
22 216 4647
51 216 5986
160 216 8452
41 216 1437
1 216 3375
32 217 45
181 217 3720
7 217 9144
79 217 2343
149 217 3015
1 218 2811
29 218 2861
6 218 6889
36 218 335
208 218 3496
82 219 6019
7 219 4585
128 219 4051
1 219 5647
193 219 1168
10 220 2397
27 220 3587
33 220 5201
18 220 4390
206 220 1793
190 221 6608
16 221 3912
29 221 6076
49 221 6971
101 221 9342
197 222 5570
21 222 9632
142 222 5765
39 222 8799
82 222 4060
26 223 3090
21 223 4371
17 223 6870
35 223 797
78 223 2647
65 224 8249
30 224 5262
51 224 7768
37 224 1414
8 224 7770
67 225 3856
5 225 5159
1 225 3476
183 225 9457
150 225 7702
117 226 6879
33 226 111
7 226 7974
10 226 8820
6 226 8128
37 227 7121
22 227 3609
28 227 5878
1 227 5942
17 227 2481
14 228 206
137 228 277
184 228 1730
2 228 4637
113 228 3778
22 229 4710
16 229 5310
1 229 1801
30 229 5006
90 229 6177
152 230 7100
72 230 5362
161 230 1228
141 230 4339
191 230 5206
126 231 692
105 231 9885
196 231 6411
0 231 7582
225 231 3526
155 232 8011
33 232 6854
183 232 3220
6 232 7751
75 232 7941
47 233 942
67 233 2556
65 233 7172
153 233 6033
172 233 4524
2 234 5577
69 234 7670
5 234 1164
189 234 9762
74 234 5692
212 235 7476
97 235 7855
66 235 7088
109 235 3210
0 235 5892
0 236 9344
68 236 2510
43 236 4634
64 236 3795
30 236 152
36 237 7742
225 237 4842
144 237 7484
10 237 6940
18 237 373
117 238 8828
188 238 9862
43 238 8442
17 238 2026
19 238 5825
56 239 830
22 239 4883
238 239 8774
25 239 537
4 239 3134
41 240 9961
40 240 4544
65 240 7123
17 240 1631
234 240 9626
53 241 8731
100 241 4921
69 241 3927
191 241 6649
63 241 2861
126 242 1981
10 242 1555
209 242 6372
110 242 6532
38 242 8962
0 243 2784
8 243 6516
199 243 8006
13 243 6163
52 243 3077
186 244 2068
58 244 6897
86 244 9596
11 244 9159
165 244 1528
129 245 6586
21 245 9844
161 245 8041
183 245 8071
116 245 4953
1 246 7052
17 246 4136
121 246 6524
169 246 7847
36 246 7723
2 247 828
117 247 880
104 247 9273
159 247 7040
21 247 1825
13 248 29
1 248 5291
77 248 4907
4 248 6219
17 248 1089
49 249 6427
118 249 841
180 249 9861
173 249 2464
10 249 9919
