50 595
0 1 117
0 2 280
1 2 71
0 3 307
1 3 379
2 3 806
0 4 648
1 4 712
2 4 685
3 4 997
0 5 984
1 5 761
2 5 983
3 5 897
4 5 879
0 6 484
1 6 385
2 6 19
3 6 197
4 6 633
5 6 93
0 7 238
1 7 567
2 7 675
3 7 207
4 7 248
5 7 883
6 7 585
0 8 554
1 8 853
2 8 390
3 8 887
4 8 600
5 8 601
6 8 475
7 8 535
0 9 152
1 9 985
2 9 828
3 9 438
4 9 543
5 9 930
6 9 497
7 9 812
8 9 253
0 10 251
1 10 944
2 10 893
3 10 601
4 10 869
5 10 87
6 10 935
7 10 104
8 10 279
9 10 162
0 11 143
1 11 273
2 11 686
3 11 293
4 11 199
5 11 918
6 11 107
7 11 757
8 11 242
9 11 509
10 11 581
0 12 63
1 12 534
2 12 117
3 12 374
4 12 42
5 12 333
6 12 494
7 12 970
8 12 177
9 12 121
10 12 116
11 12 47
0 13 857
1 13 353
2 13 488
3 13 389
4 13 52
5 13 441
6 13 442
7 13 340
8 13 193
9 13 580
10 13 410
11 13 113
12 13 658
0 14 59
1 14 627
2 14 771
3 14 355
4 14 936
5 14 60
6 14 953
7 14 693
8 14 178
9 14 371
10 14 102
11 14 900
12 14 671
13 14 771
1 15 748
2 15 147
14 15 74
6 15 88
0 15 392
11 15 438
9 15 731
5 15 389
12 15 949
13 15 33
8 15 109
10 15 339
4 15 655
7 15 95
7 16 526
6 16 362
5 16 317
0 16 536
9 16 482
4 16 541
12 16 477
1 16 349
2 16 53
11 16 135
8 16 477
3 16 953
15 16 574
10 16 303
8 17 235
2 17 883
1 17 407
6 17 554
11 17 80
10 17 778
15 17 75
5 17 82
0 17 620
12 17 968
3 17 701
9 17 840
4 17 852
16 17 854
1 18 925
3 18 498
17 18 200
9 18 678
6 18 320
14 18 618
4 18 627
12 18 506
15 18 863
16 18 150
7 18 121
10 18 135
11 18 16
8 18 195
13 19 816
15 19 530
16 19 49
9 19 530
7 19 271
1 19 709
12 19 120
17 19 481
10 19 880
3 19 67
6 19 326
4 19 995
11 19 774
5 19 153
8 20 580
12 20 11
3 20 598
14 20 287
9 20 441
1 20 723
6 20 753
5 20 969
4 20 987
18 20 561
10 20 816
7 20 921
0 20 80
19 20 590
8 21 297
2 21 830
20 21 278
3 21 173
18 21 929
9 21 649
5 21 35
19 21 604
11 21 48
6 21 375
12 21 383
10 21 232
4 21 900
7 21 915
12 22 558
15 22 670
0 22 824
19 22 876
13 22 299
8 22 909
5 22 765
7 22 670
16 22 703
2 22 118
9 22 858
11 22 820
10 22 902
18 22 483
21 23 558
13 23 59
18 23 127
14 23 934
4 23 783
8 23 466
22 23 542
6 23 164
5 23 920
9 23 182
12 23 943
19 23 316
2 23 104
1 23 936
23 24 463
6 24 818
10 24 797
5 24 698
22 24 782
19 24 653
4 24 221
8 24 419
3 24 426
15 24 305
18 24 344
11 24 984
12 24 721
9 24 145
15 25 333
21 25 678
2 25 159
16 25 512
8 25 661
3 25 337
7 25 233
24 25 18
5 25 991
14 25 516
11 25 405
19 25 570
1 25 102
20 25 219
9 26 351
6 26 851
3 26 528
20 26 749
21 26 778
17 26 770
24 26 992
4 26 738
11 26 493
16 26 961
2 26 196
23 26 958
19 26 577
25 26 389
12 27 646
0 27 868
9 27 830
16 27 879
19 27 572
15 27 138
18 27 673
8 27 615
2 27 386
3 27 999
22 27 284
4 27 705
10 27 785
21 27 919
7 28 689
3 28 188
23 28 880
18 28 962
25 28 348
8 28 223
2 28 90
26 28 987
11 28 925
0 28 542
16 28 955
12 28 619
14 28 52
19 28 477
26 29 809
6 29 256
28 29 660
1 29 384
8 29 820
11 29 119
10 29 957
19 29 943
0 29 98
3 29 384
7 29 219
2 29 62
17 29 857
15 29 180
20 30 61
6 30 396
1 30 846
28 30 796
5 30 526
22 30 328
16 30 520
12 30 864
15 30 444
3 30 160
17 30 218
2 30 388
4 30 380
26 30 459
18 31 704
6 31 855
13 31 189
29 31 42
12 31 310
14 31 871
16 31 863
20 31 554
2 31 499
24 31 307
8 31 250
26 31 538
15 31 290
21 31 51
25 32 317
9 32 496
12 32 39
16 32 974
10 32 585
7 32 184
15 32 824
21 32 379
6 32 357
19 32 475
26 32 570
24 32 116
31 32 609
17 32 124
9 33 791
22 33 743
5 33 592
4 33 569
18 33 138
13 33 517
7 33 187
32 33 659
14 33 537
24 33 225
1 33 542
2 33 999
26 33 345
27 33 275
30 34 199
9 34 706
3 34 44
27 34 91
10 34 462
6 34 911
26 34 354
0 34 818
20 34 897
11 34 577
29 34 459
1 34 957
32 34 846
4 34 449
13 35 898
12 35 825
20 35 180
5 35 515
1 35 317
19 35 946
16 35 954
23 35 852
34 35 783
0 35 216
4 35 259
3 35 791
28 35 136
26 35 120
10 36 61
24 36 679
0 36 837
19 36 97
32 36 476
28 36 505
4 36 852
22 36 817
21 36 98
14 36 276
6 36 381
18 36 199
12 36 188
5 36 641
25 37 484
35 37 757
16 37 850
20 37 965
1 37 408
14 37 74
9 37 318
6 37 379
8 37 677
2 37 807
32 37 799
26 37 554
13 37 758
21 37 538
12 38 246
11 38 224
7 38 487
31 38 90
13 38 692
18 38 289
33 38 24
22 38 724
24 38 494
3 38 724
34 38 576
37 38 629
1 38 436
14 38 782
10 39 29
19 39 614
2 39 396
7 39 91
32 39 363
15 39 966
6 39 987
17 39 463
24 39 974
5 39 952
8 39 379
0 39 763
34 39 80
4 39 881
23 40 809
31 40 795
35 40 309
6 40 597
10 40 223
34 40 956
16 40 927
7 40 367
1 40 365
38 40 784
12 40 494
17 40 932
2 40 38
5 40 843
4 41 316
1 41 133
25 41 342
11 41 89
2 41 573
31 41 842
16 41 104
22 41 500
35 41 122
20 41 183
19 41 903
6 41 290
24 41 93
0 41 39
31 42 509
15 42 756
20 42 585
21 42 520
38 42 449
3 42 746
29 42 401
12 42 580
5 42 304
18 42 141
26 42 251
16 42 292
2 42 210
10 42 456
42 43 73
3 43 876
8 43 699
15 43 704
14 43 997
25 43 893
35 43 355
9 43 795
21 43 977
18 43 606
41 43 856
22 43 222
23 43 208
19 43 857
7 44 156
4 44 351
6 44 29
21 44 57
27 44 971
28 44 872
12 44 305
34 44 299
36 44 738
25 44 206
19 44 813
31 44 792
17 44 202
43 44 968
13 45 613
16 45 476
28 45 588
32 45 235
20 45 686
33 45 744
0 45 453
7 45 822
9 45 455
2 45 593
4 45 613
14 45 428
22 45 507
15 45 101
14 46 97
5 46 725
39 46 674
17 46 460
15 46 982
21 46 426
4 46 292
11 46 869
28 46 640
36 46 40
1 46 917
7 46 478
9 46 10
12 46 254
0 47 366
30 47 233
4 47 647
15 47 965
23 47 764
6 47 61
21 47 427
19 47 645
7 47 368
17 47 847
22 47 450
36 47 801
39 47 763
14 47 885
40 48 918
19 48 870
15 48 43
33 48 990
31 48 208
4 48 265
1 48 262
30 48 339
45 48 649
21 48 928
8 48 98
2 48 626
10 48 533
6 48 373
47 49 130
43 49 413
21 49 243
19 49 932
12 49 310
34 49 156
10 49 882
7 49 195
36 49 71
28 49 454
0 49 449
3 49 371
46 49 926
2 49 380
