100 1464
0 1 8250
0 2 8976
1 2 1724
0 3 1404
1 3 4186
2 3 3079
0 4 1017
1 4 3767
2 4 6507
3 4 9008
0 5 7450
1 5 4487
2 5 3860
3 5 8856
4 5 7237
0 6 331
1 6 1694
2 6 4872
3 6 328
4 6 3878
5 6 4369
0 7 1777
1 7 6783
2 7 3499
3 7 1226
4 7 6470
5 7 7519
6 7 9478
0 8 1591
1 8 1353
2 8 4982
3 8 8960
4 8 1750
5 8 6112
6 8 3105
7 8 7419
0 9 5807
1 9 6102
2 9 9208
3 9 8431
4 9 517
5 9 8949
6 9 5509
7 9 757
8 9 69
0 10 5356
1 10 810
2 10 8463
3 10 1340
4 10 9743
5 10 2296
6 10 3869
7 10 1423
8 10 816
9 10 4991
0 11 5373
1 11 7057
2 11 9589
3 11 1230
4 11 1817
5 11 582
6 11 3861
7 11 1017
8 11 2068
9 11 9879
10 11 1667
0 12 125
1 12 8804
2 12 5804
3 12 8924
4 12 1329
5 12 8803
6 12 8912
7 12 6783
8 12 9518
9 12 4867
10 12 3436
11 12 5568
0 13 222
1 13 7833
2 13 3429
3 13 2562
4 13 7478
5 13 6434
6 13 9107
7 13 1265
8 13 2149
9 13 4181
10 13 5567
11 13 9927
12 13 4297
0 14 985
1 14 9906
2 14 8548
3 14 485
4 14 8419
5 14 5955
6 14 6333
7 14 7465
8 14 4397
9 14 4096
10 14 6008
11 14 293
12 14 8176
13 14 9766
0 15 1823
1 15 3116
2 15 2936
3 15 2070
4 15 5803
5 15 9369
6 15 9061
7 15 7398
8 15 2130
9 15 9155
10 15 5593
11 15 2505
12 15 8111
13 15 9321
14 15 8556
0 16 5975
1 16 6520
2 16 472
3 16 9656
4 16 9659
5 16 6404
6 16 4849
7 16 1497
8 16 7988
9 16 3510
10 16 729
11 16 281
12 16 9835
13 16 7621
14 16 7171
15 16 7501
11 17 5690
9 17 6215
0 17 3987
4 17 3681
16 17 9482
8 17 2343
1 17 6689
2 17 1663
12 17 2038
5 17 2961
14 17 9951
7 17 4093
10 17 496
6 17 3651
15 17 9804
3 17 8016
6 18 5725
5 18 8682
12 18 6992
8 18 1027
10 18 380
14 18 9275
3 18 1189
16 18 4121
4 18 8383
15 18 7404
0 18 3942
13 18 9610
2 18 5604
7 18 5617
9 18 3132
1 18 7732
8 19 8219
14 19 2612
15 19 9210
16 19 7345
5 19 6500
11 19 1612
7 19 8703
17 19 2768
18 19 3914
9 19 279
1 19 2937
13 19 303
6 19 235
0 19 346
2 19 3078
4 19 4400
15 20 9753
12 20 2977
9 20 4306
2 20 3918
11 20 6491
1 20 6638
5 20 6655
13 20 4476
14 20 8758
7 20 7636
0 20 9963
6 20 6793
3 20 8658
8 20 582
10 20 5972
18 20 3252
2 21 533
18 21 2181
12 21 8736
5 21 7258
20 21 3399
8 21 6423
16 21 7107
3 21 8442
13 21 2274
15 21 3905
7 21 4371
17 21 542
6 21 4324
14 21 5357
1 21 758
9 21 8917
20 22 1527
13 22 9400
2 22 5935
17 22 1795
16 22 2035
11 22 4716
18 22 5136
3 22 8090
6 22 6018
5 22 3965
10 22 2066
9 22 9989
0 22 2787
12 22 9474
1 22 6881
7 22 2623
1 23 6555
21 23 5762
17 23 7286
14 23 9879
6 23 6598
18 23 9125
16 23 4250
2 23 7812
15 23 6357
12 23 3485
10 23 7065
8 23 6172
4 23 7218
0 23 287
13 23 2134
20 23 5333
23 24 2476
15 24 7247
8 24 4470
9 24 6655
21 24 2952
5 24 1352
2 24 9857
20 24 546
12 24 4579
10 24 5909
13 24 8929
17 24 1565
6 24 1259
4 24 7015
19 24 2827
11 24 7851
13 25 4039
1 25 2368
6 25 4481
18 25 6181
20 25 2469
8 25 7792
3 25 2933
4 25 5898
5 25 4381
10 25 1971
0 25 3674
17 25 1948
11 25 7900
12 25 3975
19 25 4823
23 25 2614
0 26 9269
21 26 3527
23 26 3085
13 26 5343
19 26 9731
11 26 8746
8 26 3987
16 26 8151
22 26 3259
14 26 7711
15 26 7727
7 26 471
1 26 7610
20 26 3492
6 26 6970
18 26 5337
7 27 9779
13 27 102
24 27 8203
26 27 4810
11 27 1796
17 27 2016
20 27 9102
14 27 3328
21 27 8810
6 27 490
16 27 5634
9 27 9781
19 27 7252
4 27 4191
0 27 7139
18 27 5143
24 28 4092
16 28 3869
5 28 4086
18 28 1802
4 28 7591
0 28 3690
15 28 5283
27 28 1308
2 28 6946
8 28 4784
6 28 8987
11 28 335
20 28 5793
12 28 6104
10 28 5777
26 28 232
13 29 9097
14 29 9481
21 29 3360
9 29 8126
16 29 8572
12 29 7283
6 29 8104
25 29 6293
26 29 1890
5 29 281
3 29 691
24 29 4398
7 29 3648
0 29 4054
8 29 9121
4 29 8682
2 30 513
24 30 6656
9 30 9196
0 30 8309
23 30 1326
14 30 9846
17 30 4997
25 30 6777
19 30 555
26 30 9861
28 30 4262
13 30 9515
8 30 7451
16 30 820
5 30 2925
1 30 2673
15 31 2250
8 31 4681
11 31 5771
29 31 2158
10 31 8259
0 31 8710
21 31 7345
9 31 3664
14 31 955
25 31 4298
4 31 2879
19 31 890
7 31 2543
3 31 9668
18 31 2897
12 31 4166
6 32 776
3 32 9602
12 32 194
22 32 9902
30 32 5617
8 32 4366
11 32 8182
29 32 2599
17 32 2196
2 32 2253
27 32 9241
7 32 7416
10 32 6602
18 32 3511
1 32 4983
23 32 2776
32 33 1121
16 33 7652
18 33 7505
17 33 3255
26 33 1872
2 33 8011
8 33 8289
10 33 6359
0 33 3012
9 33 7556
22 33 5381
23 33 6884
13 33 2992
6 33 5809
11 33 2630
24 33 4917
0 34 4242
3 34 3600
4 34 9515
11 34 9760
23 34 8751
31 34 9781
18 34 1202
14 34 2965
16 34 9222
28 34 9126
8 34 288
30 34 6005
24 34 6267
17 34 2403
5 34 2765
27 34 3902
13 35 2996
25 35 839
33 35 1425
21 35 8432
29 35 9214
24 35 4779
12 35 133
20 35 7682
5 35 1062
4 35 1394
16 35 7208
10 35 9637
3 35 1340
15 35 3398
11 35 6802
22 35 1308
11 36 8442
28 36 4225
1 36 8051
16 36 9002
3 36 7713
5 36 5824
8 36 2329
7 36 7426
21 36 5849
10 36 2156
34 36 5431
20 36 8887
30 36 8494
0 36 9926
4 36 3463
22 36 2561
33 37 2392
12 37 338
18 37 3803
0 37 4672
30 37 2898
11 37 2290
8 37 6277
1 37 3310
28 37 6189
19 37 6013
36 37 3220
23 37 3592
21 37 829
34 37 1897
16 37 6940
4 37 116
1 38 3648
33 38 2941
31 38 6178
35 38 8032
12 38 6345
7 38 6370
4 38 1085
6 38 9617
36 38 7271
9 38 3149
23 38 4527
8 38 8793
28 38 3430
13 38 8381
32 38 9315
14 38 3567
20 39 4962
21 39 3407
12 39 2573
6 39 4882
23 39 555
19 39 4581
5 39 9467
3 39 6825
7 39 8687
34 39 4647
13 39 5960
2 39 2936
4 39 9260
9 39 6252
38 39 1258
25 39 5381
1 40 4853
8 40 196
3 40 1901
29 40 2142
12 40 5241
4 40 4077
19 40 8291
32 40 2674
2 40 7625
0 40 3616
26 40 5725
5 40 6806
15 40 6990
30 40 7920
14 40 4218
7 40 1822
13 41 5695
24 41 2863
19 41 1377
23 41 5714
33 41 3901
25 41 1872
4 41 6309
9 41 790
30 41 1565
12 41 5002
3 41 9138
32 41 5696
18 41 900
8 41 7470
27 41 4075
15 41 1322
27 42 3146
8 42 1842
36 42 4191
32 42 2717
11 42 4693
10 42 3242
3 42 360
35 42 9398
1 42 5844
28 42 4443
40 42 4986
4 42 3115
17 42 8169
14 42 9473
18 42 4926
41 42 5865
29 43 4637
4 43 4615
22 43 6330
0 43 5076
39 43 5943
13 43 8218
2 43 2385
16 43 4759
11 43 6956
5 43 7297
14 43 3546
30 43 5628
10 43 333
1 43 7948
3 43 6580
24 43 9630
42 44 7133
0 44 1979
14 44 8888
18 44 1859
11 44 2560
31 44 392
35 44 1112
1 44 4743
9 44 2909
37 44 993
32 44 2513
22 44 6668
30 44 11
8 44 5503
27 44 6636
41 44 6463
41 45 1962
17 45 8289
10 45 9241
34 45 699
22 45 5313
25 45 5460
13 45 7133
3 45 5636
24 45 8207
1 45 5659
9 45 1233
38 45 2978
39 45 4611
31 45 8285
4 45 1559
14 45 8865
25 46 2344
16 46 7753
7 46 8897
29 46 3936
4 46 5455
22 46 4470
45 46 2133
10 46 8750
20 46 5021
9 46 7315
18 46 5714
33 46 7380
23 46 8125
8 46 3941
14 46 4536
13 46 8682
1 47 6890
16 47 6733
18 47 6227
8 47 4471
12 47 6950
2 47 1295
29 47 3302
27 47 9409
21 47 1456
7 47 5053
5 47 4228
10 47 7741
37 47 5967
42 47 7727
45 47 9197
17 47 9128
8 48 9145
14 48 348
42 48 1341
29 48 7495
36 48 3622
0 48 7911
26 48 6360
5 48 5878
28 48 41
13 48 7204
23 48 1905
24 48 8909
10 48 148
33 48 473
38 48 5677
2 48 4247
24 49 9382
1 49 9551
11 49 1255
3 49 4722
44 49 5778
33 49 9675
6 49 5656
27 49 7702
43 49 5209
23 49 6077
8 49 4305
0 49 877
32 49 1047
20 49 4974
10 49 9817
39 49 7146
19 50 8813
11 50 6402
27 50 1031
22 50 2950
4 50 1283
24 50 7324
40 50 4519
29 50 6113
32 50 147
37 50 2599
34 50 1791
30 50 3842
39 50 4564
1 50 9386
15 50 3264
23 50 3870
28 51 9759
16 51 3429
6 51 3879
32 51 8118
13 51 7513
8 51 8121
0 51 546
42 51 4140
3 51 7342
1 51 5012
33 51 7092
4 51 6705
10 51 1598
5 51 7199
19 51 2507
36 51 9817
22 52 4184
2 52 2355
0 52 1646
12 52 2297
18 52 8760
20 52 2271
36 52 1414
4 52 5719
30 52 2052
29 52 5885
5 52 2131
39 52 1410
26 52 2739
47 52 1554
38 52 8866
8 52 3756
1 53 4332
4 53 8072
9 53 185
6 53 2474
13 53 6051
38 53 8932
8 53 8170
33 53 6600
32 53 5782
36 53 6235
3 53 671
16 53 504
19 53 636
35 53 5009
2 53 7733
15 53 1050
15 54 6847
29 54 6317
9 54 7580
7 54 2377
51 54 9594
17 54 6386
3 54 9110
19 54 8383
11 54 6617
37 54 7797
34 54 4252
23 54 4309
12 54 2504
16 54 5610
38 54 1703
2 54 473
4 55 1290
50 55 3950
36 55 7616
35 55 6490
1 55 5541
10 55 7853
18 55 8041
8 55 2753
16 55 4011
49 55 3020
5 55 3933
7 55 4093
34 55 1726
13 55 3245
46 55 8726
22 55 2663
6 56 1207
4 56 2254
45 56 6980
3 56 2723
22 56 8194
20 56 9508
26 56 6438
34 56 2830
11 56 364
10 56 3241
28 56 8086
16 56 7597
9 56 7402
52 56 3073
5 56 4187
2 56 1920
28 57 3373
44 57 8256
8 57 9258
20 57 9806
47 57 733
22 57 7673
11 57 4973
36 57 2003
29 57 9127
45 57 996
38 57 9753
2 57 1493
23 57 6978
52 57 1229
1 57 6532
16 57 4749
32 58 5847
34 58 8219
35 58 53
20 58 132
0 58 4974
24 58 7623
49 58 9850
12 58 5395
19 58 6404
8 58 7358
43 58 7439
14 58 1656
46 58 8835
5 58 862
13 58 1828
15 58 9422
0 59 4012
5 59 7225
28 59 7804
54 59 8872
58 59 9979
45 59 3357
17 59 4608
36 59 9691
20 59 2442
30 59 557
40 59 7853
19 59 1947
32 59 3747
41 59 8361
2 59 3716
15 59 1904
51 60 264
50 60 1032
24 60 7094
52 60 868
31 60 419
32 60 2263
0 60 8983
8 60 2902
20 60 1158
19 60 9038
27 60 1192
5 60 2102
47 60 6745
34 60 2835
55 60 1997
29 60 5827
4 61 4079
41 61 3261
39 61 5812
17 61 2644
8 61 5931
53 61 5548
36 61 8303
23 61 5575
18 61 4422
6 61 3191
7 61 8829
58 61 2008
29 61 9973
5 61 2205
10 61 6899
27 61 9286
0 62 8507
52 62 2815
27 62 1280
6 62 6231
44 62 5329
39 62 6669
21 62 2796
31 62 3225
40 62 2782
12 62 1484
16 62 1736
14 62 8503
50 62 6823
42 62 4
18 62 6636
37 62 5082
4 63 876
24 63 4022
19 63 4861
36 63 6119
60 63 4348
15 63 6608
53 63 4184
13 63 7744
11 63 4111
50 63 2272
23 63 6812
25 63 5582
51 63 5708
20 63 6981
44 63 7668
5 63 5638
6 64 4417
19 64 1755
30 64 2211
2 64 4340
10 64 7541
4 64 8078
61 64 1823
54 64 7302
25 64 8764
15 64 9761
46 64 5814
0 64 5224
38 64 654
35 64 916
52 64 2748
21 64 2565
49 65 9974
12 65 7423
19 65 4493
1 65 3669
0 65 142
46 65 154
6 65 5846
15 65 2284
22 65 156
43 65 6783
26 65 6617
13 65 9202
34 65 2548
14 65 838
39 65 3081
18 65 2597
27 66 5908
48 66 483
18 66 8722
19 66 5991
2 66 1484
13 66 1606
47 66 9026
24 66 861
17 66 1647
40 66 4545
44 66 5126
56 66 7374
16 66 3447
59 66 5742
23 66 6749
25 66 4325
4 67 8439
42 67 3903
30 67 6760
24 67 1416
5 67 2945
40 67 9670
17 67 4131
6 67 4974
13 67 2453
33 67 9006
44 67 48
18 67 2237
43 67 2855
27 67 1249
2 67 6692
8 67 1400
15 68 8323
22 68 9047
34 68 615
45 68 6643
36 68 7237
5 68 3363
67 68 5190
65 68 1195
52 68 5392
14 68 8791
43 68 5676
6 68 3985
2 68 9086
18 68 8879
30 68 1048
27 68 529
61 69 9177
62 69 6708
23 69 510
6 69 613
17 69 1923
24 69 2722
65 69 2151
26 69 1991
11 69 7060
28 69 8645
13 69 9274
15 69 950
29 69 5405
39 69 1401
45 69 4761
52 69 816
32 70 3822
12 70 8394
44 70 8362
8 70 8351
2 70 2731
25 70 9190
19 70 602
23 70 9920
13 70 9873
10 70 7295
21 70 6638
37 70 1999
69 70 7178
46 70 7026
36 70 1659
60 70 5187
18 71 7544
43 71 700
67 71 3874
59 71 2258
15 71 169
39 71 6032
54 71 363
40 71 7503
48 71 2023
46 71 3584
12 71 973
17 71 4270
5 71 4615
22 71 3081
23 71 7822
65 71 933
8 72 2675
36 72 6042
49 72 6258
32 72 1873
3 72 2536
34 72 7389
69 72 4498
18 72 2395
7 72 788
5 72 8217
50 72 7655
22 72 3658
41 72 3609
11 72 7518
67 72 6669
1 72 2351
20 73 9306
47 73 8149
50 73 6833
2 73 1071
14 73 6205
9 73 9509
25 73 4442
46 73 6403
40 73 3052
32 73 2716
10 73 9018
1 73 6492
23 73 9593
42 73 9320
21 73 5398
62 73 8185
45 74 8229
50 74 2427
62 74 7898
18 74 7853
19 74 5359
34 74 6887
12 74 6752
33 74 5711
69 74 7433
17 74 2100
52 74 4425
1 74 168
26 74 4310
31 74 1300
59 74 2999
11 74 5614
59 75 5551
38 75 505
12 75 7854
13 75 7785
65 75 2435
25 75 3813
4 75 7894
44 75 3537
58 75 2301
22 75 2267
41 75 8428
46 75 3923
8 75 2291
2 75 3015
64 75 5069
29 75 8270
13 76 7846
34 76 4385
75 76 4289
37 76 1008
4 76 2022
60 76 4912
10 76 8918
46 76 9470
44 76 5555
30 76 3048
70 76 2482
63 76 6415
14 76 2834
73 76 2966
25 76 4689
29 76 984
57 77 70
52 77 8155
66 77 1245
54 77 8049
15 77 469
71 77 61
61 77 500
31 77 6385
16 77 4453
64 77 1149
13 77 1275
72 77 6712
43 77 1437
34 77 8521
73 77 8574
24 77 8149
12 78 947
16 78 7777
24 78 1246
30 78 4891
38 78 3097
42 78 8583
68 78 7223
19 78 9309
1 78 1023
74 78 141
36 78 2432
51 78 4933
34 78 5211
43 78 6688
4 78 5979
44 78 673
61 79 206
45 79 239
72 79 9079
30 79 9301
9 79 5882
0 79 3952
24 79 9906
55 79 2735
21 79 2909
42 79 7778
71 79 9349
8 79 1117
60 79 290
40 79 8708
15 79 4221
18 79 6046
21 80 9167
1 80 7366
47 80 5908
5 80 3397
41 80 2976
16 80 218
7 80 3549
57 80 1912
30 80 3381
19 80 365
18 80 3484
26 80 3990
10 80 316
28 80 1525
36 80 6956
75 80 1734
67 81 6214
4 81 5702
0 81 6893
13 81 9017
76 81 2850
75 81 2986
32 81 4055
51 81 1015
40 81 3108
46 81 1694
22 81 9429
47 81 1083
17 81 6548
7 81 4577
14 81 8891
57 81 1569
59 82 1306
17 82 6115
9 82 1112
67 82 7823
51 82 8186
3 82 4085
74 82 1180
27 82 5996
8 82 4865
31 82 5570
14 82 892
24 82 6961
23 82 1454
7 82 7490
13 82 3867
15 82 7042
29 83 4652
10 83 6676
62 83 1124
27 83 5542
81 83 3901
72 83 7910
7 83 5363
69 83 4657
25 83 282
40 83 836
76 83 6069
32 83 4635
12 83 2759
66 83 1506
36 83 8885
42 83 1617
67 84 2161
65 84 6363
6 84 3429
14 84 6620
41 84 8870
58 84 8034
54 84 8813
52 84 1370
12 84 6553
53 84 6729
74 84 8381
3 84 8753
79 84 5497
28 84 6884
34 84 1920
1 84 7898
47 85 4296
17 85 1619
51 85 2942
57 85 4838
73 85 1044
19 85 2797
50 85 7811
64 85 7900
54 85 2278
25 85 7064
1 85 1784
81 85 452
33 85 2659
32 85 3813
28 85 7596
48 85 412
37 86 7791
30 86 2141
34 86 65
15 86 3092
80 86 3972
10 86 8762
75 86 6096
11 86 463
44 86 8679
6 86 5209
31 86 8992
40 86 4254
65 86 4606
5 86 7094
18 86 4675
60 86 9270
15 87 4844
3 87 1989
16 87 2544
49 87 6770
33 87 824
14 87 8251
47 87 9384
60 87 8423
83 87 6164
85 87 1876
6 87 9168
40 87 4567
31 87 8651
17 87 3566
19 87 4054
5 87 7398
4 88 9236
35 88 2476
45 88 7712
10 88 3326
14 88 8399
3 88 3623
12 88 2488
39 88 2154
20 88 4155
5 88 8891
44 88 6146
81 88 7872
24 88 9681
19 88 1476
67 88 6357
40 88 9298
13 89 976
11 89 5530
58 89 5039
65 89 3741
24 89 3297
15 89 3025
45 89 2208
53 89 392
41 89 5318
19 89 4783
28 89 6388
61 89 4585
5 89 5183
20 89 8385
60 89 5673
82 89 4766
16 90 2320
57 90 2216
6 90 9298
3 90 6639
7 90 7670
35 90 7806
38 90 5929
70 90 2949
19 90 1701
77 90 2990
89 90 8305
72 90 5363
25 90 9258
80 90 3409
76 90 2422
53 90 9380
59 91 5093
66 91 2178
3 91 5040
17 91 9451
48 91 324
86 91 9309
62 91 6136
24 91 9866
42 91 5554
20 91 479
16 91 6721
23 91 8747
77 91 4528
19 91 9734
64 91 9422
10 91 1003
76 92 4070
8 92 8930
63 92 2831
35 92 5388
90 92 6759
58 92 1204
14 92 757
91 92 7480
50 92 8447
6 92 8587
28 92 58
44 92 6656
30 92 2232
4 92 8758
22 92 3040
55 92 2730
23 93 5146
50 93 4118
4 93 9144
42 93 1710
8 93 3054
61 93 6150
9 93 7824
60 93 1683
67 93 2977
12 93 6377
27 93 665
72 93 327
41 93 7663
29 93 1224
18 93 7185
3 93 6175
19 94 1631
58 94 7395
1 94 1634
13 94 3886
27 94 9545
46 94 5194
74 94 9499
2 94 4863
86 94 7639
50 94 1981
40 94 7707
8 94 6265
77 94 9353
5 94 9674
38 94 7268
15 94 404
55 95 5993
4 95 9994
71 95 5161
80 95 3463
70 95 7427
32 95 3661
20 95 6108
30 95 3823
16 95 3725
84 95 6091
62 95 3392
38 95 9719
23 95 8595
58 95 5435
8 95 5337
10 95 5358
52 96 3163
27 96 8463
5 96 4265
15 96 1238
16 96 7358
39 96 1031
30 96 6013
74 96 9034
54 96 2785
22 96 4016
65 96 7506
90 96 4003
60 96 6791
13 96 5184
72 96 983
20 96 2352
20 97 5343
93 97 4257
48 97 978
17 97 864
66 97 4068
58 97 8372
6 97 2439
86 97 4109
38 97 6567
10 97 6859
18 97 4430
9 97 8435
67 97 8080
52 97 3102
37 97 1611
34 97 7652
15 98 4691
58 98 5704
88 98 589
4 98 3903
22 98 5259
12 98 3562
6 98 3221
0 98 8545
38 98 6421
3 98 1312
36 98 6542
28 98 949
59 98 8370
74 98 9471
82 98 8297
2 98 5059
2 99 8923
58 99 1788
86 99 6806
30 99 3358
45 99 8516
34 99 3043
28 99 3834
65 99 1081
8 99 8374
73 99 8957
10 99 9915
18 99 8243
85 99 6702
13 99 179
87 99 732
6 99 788
