180 2082
0 1 4431
0 2 2847
1 2 4218
0 3 1973
1 3 8960
2 3 6174
0 4 1896
1 4 9207
2 4 697
3 4 1410
0 5 3580
1 5 87
2 5 1694
3 5 8847
4 5 3021
0 6 9001
1 6 8764
2 6 8745
3 6 6509
4 6 3989
5 6 7495
0 7 7985
1 7 8097
2 7 9559
3 7 3304
4 7 9342
5 7 9984
6 7 3394
0 8 7619
1 8 3951
2 8 6348
3 8 2292
4 8 8268
5 8 6530
6 8 539
7 8 8003
0 9 3515
1 9 5089
2 9 3278
3 9 5905
4 9 7686
5 9 3759
6 9 2088
7 9 9621
8 9 2341
0 10 3370
1 10 3221
2 10 846
3 10 3024
4 10 483
5 10 4556
6 10 7211
7 10 5557
8 10 8126
9 10 6284
0 11 9492
1 11 1550
2 11 5914
3 11 3770
4 11 4060
5 11 3213
6 11 7008
7 11 2720
8 11 6213
9 11 6642
10 11 5960
0 12 4963
1 12 2268
2 12 7396
3 12 4620
4 12 3600
5 12 4728
6 12 4526
7 12 2407
8 12 8729
9 12 9196
10 12 3627
11 12 4588
4 13 9462
2 13 3745
6 13 3383
7 13 4353
5 13 6641
11 13 1950
9 13 4261
1 13 6328
3 13 7902
8 13 8657
10 13 8343
12 13 3751
13 14 2382
2 14 7946
1 14 6743
9 14 900
12 14 7091
0 14 4023
10 14 8154
5 14 7152
3 14 8535
11 14 9433
8 14 9860
6 14 650
5 15 4073
13 15 8356
12 15 1966
14 15 4864
4 15 5378
8 15 924
2 15 1516
6 15 730
11 15 5409
10 15 7383
7 15 1088
1 15 8367
3 16 9734
11 16 4974
8 16 5473
15 16 7440
1 16 293
12 16 3310
13 16 5176
4 16 9446
2 16 6306
14 16 1073
10 16 6860
0 16 7474
8 17 647
0 17 9657
11 17 8144
16 17 5613
15 17 489
5 17 7645
14 17 7424
12 17 4333
3 17 7686
2 17 1424
4 17 4856
9 17 6033
7 18 9503
0 18 1013
10 18 4284
15 18 2747
6 18 8449
16 18 9376
5 18 5105
13 18 4876
1 18 9138
14 18 5861
8 18 2549
12 18 7311
15 19 2558
0 19 2816
9 19 8510
18 19 6224
4 19 2928
2 19 2544
14 19 3185
10 19 7369
17 19 5195
7 19 985
3 19 5799
6 19 227
12 20 2580
3 20 5805
1 20 395
8 20 6711
17 20 4805
13 20 2134
0 20 599
14 20 2705
2 20 6445
16 20 6389
15 20 3138
9 20 2181
7 21 9107
5 21 2866
20 21 9633
18 21 3416
6 21 7928
10 21 6162
19 21 6781
8 21 6742
3 21 1826
11 21 4973
13 21 1636
0 21 7971
15 22 769
1 22 6360
16 22 8962
6 22 4810
7 22 5613
20 22 2053
21 22 8479
13 22 6817
0 22 323
14 22 9421
5 22 5027
11 22 7237
22 23 5743
13 23 4907
14 23 2502
12 23 4654
8 23 6455
21 23 9882
15 23 4636
20 23 7079
1 23 2472
17 23 7482
5 23 1515
6 23 7949
9 24 3666
12 24 3836
8 24 8204
0 24 2239
18 24 5307
2 24 2723
17 24 3225
1 24 5223
19 24 2773
4 24 1009
23 24 3652
13 24 5156
19 25 5035
2 25 4069
6 25 542
18 25 7469
8 25 4595
12 25 362
21 25 5321
11 25 6171
13 25 1383
1 25 2793
9 25 620
17 25 9481
18 26 4212
12 26 2491
5 26 1633
10 26 1574
4 26 6408
15 26 7385
8 26 1545
16 26 2840
9 26 4126
24 26 4503
6 26 5452
3 26 1858
14 27 7332
12 27 7875
10 27 7238
16 27 1213
4 27 808
5 27 9815
21 27 8375
3 27 8042
24 27 4467
19 27 653
18 27 1327
7 27 2183
10 28 9686
25 28 5338
9 28 8057
2 28 8476
8 28 6654
3 28 3242
18 28 2130
0 28 569
27 28 9831
14 28 4069
15 28 1712
11 28 2146
5 29 7139
1 29 4090
4 29 662
0 29 3030
12 29 8394
20 29 2596
11 29 8798
9 29 909
2 29 1713
3 29 6782
23 29 6013
14 29 8273
22 30 9109
4 30 3514
18 30 235
20 30 9798
26 30 8555
1 30 2181
14 30 2860
12 30 628
6 30 704
28 30 3092
7 30 1942
5 30 5852
4 31 5541
13 31 5909
5 31 4094
14 31 3039
2 31 2766
9 31 2935
25 31 998
23 31 612
15 31 6050
1 31 658
11 31 4005
16 31 8744
19 32 5978
30 32 6658
14 32 4128
20 32 7249
3 32 17
22 32 9269
6 32 6432
15 32 3759
13 32 2706
21 32 8298
8 32 3495
4 32 3218
31 33 2877
11 33 6858
27 33 2478
25 33 3361
3 33 9756
1 33 6405
24 33 1131
17 33 9714
6 33 436
30 33 1810
9 33 783
26 33 650
0 34 3065
1 34 2283
27 34 423
32 34 3065
9 34 2414
10 34 995
25 34 975
17 34 2300
11 34 402
30 34 1164
6 34 2634
12 34 461
8 35 1458
9 35 6240
1 35 2934
33 35 9376
10 35 1621
12 35 44
5 35 7607
34 35 6479
28 35 4358
14 35 8764
13 35 9195
19 35 8989
30 36 6925
34 36 2359
21 36 1280
22 36 1979
5 36 5050
3 36 1416
29 36 8834
32 36 9414
10 36 4580
7 36 1580
25 36 3160
1 36 3108
0 37 1091
16 37 1361
4 37 667
9 37 7584
29 37 5880
7 37 7383
36 37 2395
3 37 3955
12 37 701
32 37 5517
17 37 7632
1 37 2169
33 38 3430
5 38 8760
36 38 627
17 38 7910
22 38 6149
11 38 3151
37 38 2892
2 38 4328
6 38 9841
27 38 4163
4 38 2171
30 38 4821
25 39 2541
8 39 9886
38 39 1512
1 39 6286
2 39 5224
37 39 51
5 39 3767
4 39 8302
6 39 5686
24 39 6454
32 39 3652
22 39 893
22 40 5242
30 40 7251
9 40 6279
13 40 1877
25 40 793
21 40 389
7 40 1675
4 40 2363
12 40 2036
5 40 32
27 40 9141
8 40 508
8 41 4739
16 41 9387
35 41 4009
36 41 323
4 41 7268
7 41 6217
6 41 1859
14 41 434
22 41 8433
26 41 33
25 41 5535
5 41 2702
35 42 3862
12 42 994
29 42 4615
39 42 9151
19 42 4530
41 42 1532
10 42 3053
8 42 1889
7 42 863
14 42 2191
16 42 2130
5 42 3584
28 43 8739
1 43 3533
25 43 7704
8 43 5324
30 43 5258
20 43 8818
26 43 5545
35 43 8573
37 43 7094
16 43 9920
19 43 5569
9 43 1474
27 44 6439
4 44 3872
26 44 8242
8 44 9329
11 44 5563
1 44 432
39 44 1105
9 44 890
18 44 3358
20 44 6555
15 44 1419
17 44 3663
25 45 1063
22 45 63
36 45 809
8 45 2557
27 45 3427
26 45 6938
17 45 8293
1 45 9808
37 45 2920
13 45 4589
10 45 9340
16 45 1611
4 46 9391
1 46 2186
3 46 896
18 46 1783
32 46 6620
12 46 1320
9 46 1857
33 46 6403
34 46 9346
8 46 6004
38 46 3980
44 46 945
6 47 1368
9 47 9013
12 47 9056
31 47 2209
4 47 538
24 47 2046
26 47 7276
30 47 3222
35 47 6521
29 47 3749
22 47 8223
17 47 7768
34 48 3223
15 48 6958
10 48 1028
9 48 7632
27 48 9894
3 48 5445
25 48 5606
18 48 2489
1 48 7197
37 48 9595
41 48 4227
2 48 2769
28 49 8277
35 49 6301
43 49 1412
5 49 1250
38 49 453
27 49 5517
20 49 9881
15 49 7880
8 49 2906
19 49 1410
34 49 3660
3 49 8950
11 50 1394
39 50 9832
21 50 5479
38 50 195
28 50 5514
12 50 7121
44 50 428
45 50 2299
14 50 6778
6 50 1600
8 50 6136
30 50 7442
6 51 3414
14 51 2503
17 51 3842
33 51 5121
18 51 6070
12 51 5014
50 51 7197
48 51 6081
13 51 7434
35 51 2314
31 51 1375
29 51 3569
10 52 3935
35 52 5642
12 52 9144
5 52 5441
2 52 2945
51 52 463
7 52 409
41 52 9188
26 52 7791
49 52 6809
24 52 3148
15 52 8409
19 53 6089
32 53 1317
9 53 5955
11 53 8781
29 53 7157
16 53 7594
3 53 9341
21 53 6795
8 53 9791
12 53 984
47 53 1741
13 53 3405
44 54 3870
30 54 8887
45 54 946
11 54 3716
5 54 3289
1 54 5751
16 54 6969
7 54 7843
26 54 8709
3 54 4045
34 54 9960
20 54 9240
14 55 2093
43 55 7167
29 55 417
42 55 4551
54 55 7894
30 55 5701
45 55 7494
7 55 3366
39 55 5805
5 55 1241
31 55 3277
24 55 1887
38 56 2645
34 56 9852
23 56 7795
25 56 8701
7 56 3801
8 56 354
13 56 1704
39 56 1224
47 56 53
22 56 9559
53 56 313
49 56 2540
8 57 5499
41 57 5368
3 57 3202
40 57 2580
52 57 8635
48 57 4177
19 57 4291
29 57 9525
17 57 8631
30 57 1898
22 57 490
1 57 5532
29 58 5385
22 58 9082
0 58 700
1 58 6163
44 58 2287
15 58 2403
4 58 8875
28 58 6596
48 58 7628
39 58 1463
53 58 379
10 58 3171
40 59 3395
3 59 3909
44 59 9719
25 59 779
43 59 6129
6 59 243
57 59 3376
21 59 9587
58 59 4985
51 59 1538
28 59 1569
56 59 8812
45 60 3078
27 60 3265
46 60 2729
10 60 1265
6 60 6271
44 60 2737
12 60 8774
20 60 3078
30 60 1389
41 60 8352
38 60 9241
18 60 929
5 61 9237
29 61 7696
53 61 3952
25 61 3629
20 61 9193
23 61 4523
55 61 6985
49 61 3827
24 61 3375
22 61 2858
47 61 4168
59 61 8655
9 62 8372
8 62 56
11 62 6705
59 62 9197
48 62 5291
4 62 4934
40 62 3700
57 62 6721
61 62 6047
3 62 4599
27 62 3291
52 62 3512
10 63 6435
43 63 5549
42 63 4834
2 63 283
56 63 3315
20 63 3933
6 63 921
52 63 7688
1 63 4544
0 63 5452
4 63 3660
15 63 3929
5 64 4461
62 64 151
19 64 5223
28 64 8155
3 64 3772
38 64 4305
61 64 1919
21 64 6411
45 64 6940
1 64 8630
35 64 7618
15 64 4216
62 65 1657
21 65 4885
29 65 763
28 65 6252
27 65 5499
4 65 8343
34 65 9138
15 65 7382
63 65 5206
22 65 455
18 65 3400
6 65 9397
34 66 5647
39 66 8233
46 66 2795
0 66 9531
62 66 5717
17 66 5443
59 66 6821
25 66 1194
20 66 6264
10 66 4207
11 66 6486
53 66 8875
9 67 823
4 67 5496
51 67 3332
12 67 4632
66 67 5365
35 67 9341
5 67 3904
56 67 7681
17 67 586
0 67 8826
11 67 7732
1 67 4704
21 68 9521
58 68 8132
43 68 1201
29 68 3951
27 68 8903
30 68 2100
24 68 1082
14 68 8843
6 68 7806
40 68 8863
37 68 1374
19 68 111
46 69 5305
14 69 9959
36 69 8867
59 69 719
22 69 5407
35 69 5042
32 69 8137
8 69 3790
16 69 5232
25 69 7260
40 69 5390
37 69 1684
0 70 8677
1 70 4096
26 70 1498
16 70 4708
4 70 2693
18 70 8708
58 70 5185
24 70 6782
40 70 4886
3 70 2492
7 70 5404
44 70 2234
3 71 6040
8 71 213
39 71 4859
21 71 1341
37 71 8194
19 71 2361
45 71 9773
16 71 8697
2 71 5257
12 71 2715
24 71 569
54 71 6507
14 72 9851
41 72 3336
62 72 7166
15 72 276
38 72 6890
2 72 7394
35 72 9990
61 72 9656
48 72 6849
58 72 1693
10 72 754
64 72 6335
54 73 9214
11 73 1502
19 73 2772
26 73 3124
8 73 8866
21 73 9903
0 73 5517
22 73 8812
24 73 5546
65 73 4576
30 73 1531
4 73 4365
2 74 7865
38 74 1329
26 74 5643
36 74 3600
44 74 5232
69 74 8282
21 74 9106
11 74 4337
29 74 6321
18 74 3484
45 74 6085
14 74 8149
5 75 238
54 75 2845
10 75 4296
43 75 6083
52 75 9809
16 75 466
1 75 4291
47 75 2504
25 75 18
32 75 7086
20 75 5899
27 75 1957
12 76 8807
19 76 3495
1 76 2825
72 76 8041
7 76 4774
11 76 9704
8 76 4659
35 76 3490
18 76 1482
14 76 9336
28 76 8937
26 76 8203
43 77 5344
56 77 5051
12 77 2203
76 77 5404
3 77 9975
27 77 8584
19 77 1339
67 77 9308
24 77 431
28 77 5543
66 77 8586
33 77 8375
11 78 6706
25 78 6611
17 78 2548
28 78 3562
36 78 5918
19 78 5110
0 78 2594
40 78 9244
47 78 9938
39 78 2897
23 78 3712
3 78 8702
44 79 2060
1 79 4831
3 79 5033
8 79 5619
6 79 9918
74 79 5277
73 79 7133
21 79 8483
12 79 9177
15 79 3483
43 79 9558
26 79 6402
79 80 6385
14 80 2516
77 80 9314
24 80 3466
5 80 182
34 80 9468
35 80 3637
3 80 5641
9 80 3095
22 80 5618
16 80 8962
18 80 443
48 81 8403
4 81 8331
12 81 311
18 81 2142
30 81 7504
54 81 6950
61 81 24
33 81 4383
20 81 3173
45 81 1622
79 81 6505
17 81 5616
32 82 6151
13 82 3911
49 82 2745
18 82 8520
56 82 7681
29 82 3900
64 82 4306
16 82 6521
11 82 176
55 82 7645
30 82 9910
6 82 9994
2 83 8058
21 83 7995
80 83 7877
42 83 537
4 83 5606
20 83 5685
81 83 9289
71 83 4117
1 83 5003
62 83 6814
19 83 7253
43 83 3428
2 84 9099
18 84 4969
82 84 8400
20 84 6700
65 84 2039
21 84 8746
46 84 7584
10 84 8530
12 84 6162
11 84 5313
54 84 7258
1 84 3028
24 85 1850
16 85 4
56 85 1833
13 85 2320
12 85 7054
41 85 949
48 85 9907
22 85 8170
44 85 6616
1 85 4655
2 85 535
47 85 1608
6 86 769
26 86 9947
16 86 9309
10 86 8551
17 86 4795
40 86 1488
45 86 418
72 86 947
9 86 3884
47 86 8897
68 86 3305
50 86 5989
14 87 8354
27 87 7583
7 87 4610
58 87 8566
55 87 3177
73 87 8050
62 87 8704
24 87 6479
13 87 1850
42 87 4587
31 87 8196
5 87 1373
22 88 3252
24 88 5342
41 88 6476
55 88 789
73 88 3400
8 88 1648
45 88 5576
47 88 7669
35 88 2354
66 88 1154
1 88 8723
38 88 2465
12 89 7306
16 89 8112
73 89 644
63 89 3877
1 89 9649
18 89 1480
60 89 2462
65 89 2270
22 89 2194
83 89 848
4 89 9788
8 89 976
24 90 3297
35 90 396
8 90 8758
20 90 1853
79 90 1521
46 90 3783
83 90 181
50 90 3726
3 90 624
6 90 3368
64 90 3418
43 90 8575
22 91 141
61 91 2191
23 91 9188
48 91 1947
16 91 9165
30 91 1006
60 91 5102
67 91 5801
32 91 5763
80 91 8038
70 91 1891
18 91 4956
89 92 7496
84 92 4985
26 92 2106
83 92 8808
23 92 1625
7 92 7883
46 92 3375
62 92 544
2 92 7533
42 92 9336
20 92 2224
51 92 9055
3 93 691
8 93 9470
58 93 7294
36 93 7552
31 93 1889
10 93 8672
34 93 7654
33 93 6716
78 93 5731
72 93 3039
35 93 8884
24 93 1484
5 94 9414
71 94 1849
91 94 8348
17 94 8166
10 94 6401
33 94 8899
34 94 111
72 94 4459
59 94 5582
12 94 9563
6 94 6132
45 94 8626
4 95 7892
9 95 3895
21 95 2932
43 95 2776
28 95 8575
34 95 5460
62 95 3820
10 95 18
17 95 8463
13 95 3728
40 95 378
75 95 4508
78 96 3394
8 96 8621
17 96 3752
2 96 3071
16 96 5888
6 96 5015
61 96 6392
9 96 1270
62 96 2938
20 96 5789
67 96 7783
86 96 7200
16 97 8973
3 97 443
35 97 9228
20 97 7208
18 97 1705
14 97 7540
70 97 2846
30 97 6360
33 97 8138
77 97 9242
75 97 3531
31 97 8067
2 98 8468
45 98 6306
77 98 1524
63 98 6947
37 98 9714
94 98 1609
32 98 4744
40 98 4963
42 98 9964
14 98 6321
33 98 3418
75 98 1238
45 99 8198
56 99 7260
77 99 8952
46 99 1299
85 99 3967
61 99 3390
66 99 1121
96 99 1474
55 99 6401
11 99 3640
87 99 5462
19 99 4121
40 100 270
2 100 5206
1 100 8371
36 100 9166
13 100 5325
6 100 9512
19 100 2034
74 100 7413
44 100 8814
79 100 4675
37 100 5084
65 100 1812
2 101 7804
28 101 8657
29 101 9049
64 101 1235
81 101 8216
50 101 2478
7 101 7154
70 101 7517
26 101 8844
47 101 5502
21 101 48
8 101 9284
11 102 3589
13 102 3938
39 102 5518
22 102 8540
35 102 7956
18 102 7031
32 102 150
92 102 8152
21 102 1468
38 102 3553
99 102 1205
6 102 1521
60 103 6227
7 103 1793
38 103 9107
13 103 1897
1 103 3667
9 103 583
81 103 2264
4 103 9480
6 103 7128
17 103 2528
45 103 3426
79 103 8844
52 104 275
60 104 3688
6 104 5601
75 104 9083
91 104 3316
32 104 9452
16 104 7371
38 104 1485
17 104 644
61 104 6582
54 104 5951
4 104 5120
79 105 2079
104 105 6615
48 105 4686
101 105 1969
36 105 928
4 105 41
76 105 7061
0 105 5721
19 105 9707
8 105 2654
50 105 3960
49 105 5773
16 106 2330
11 106 2701
67 106 3187
93 106 222
91 106 2776
2 106 5837
49 106 6426
37 106 3042
12 106 2705
39 106 7809
27 106 1880
69 106 916
19 107 4380
97 107 6921
16 107 5291
15 107 6971
28 107 1863
87 107 7219
41 107 4253
94 107 7155
82 107 9175
3 107 9588
35 107 3442
53 107 5867
44 108 6893
24 108 4000
19 108 7350
30 108 2911
105 108 1366
16 108 5027
55 108 896
31 108 9333
1 108 3120
2 108 287
4 108 5498
18 108 7539
41 109 7816
95 109 1909
88 109 7306
79 109 8830
17 109 3520
71 109 5672
29 109 7133
30 109 7868
24 109 3246
86 109 6139
39 109 1802
15 109 1680
2 110 4095
80 110 2669
94 110 3068
13 110 7883
24 110 6187
15 110 3785
102 110 64
14 110 5303
104 110 2994
78 110 6903
8 110 273
25 110 5880
33 111 2613
99 111 7276
56 111 4378
36 111 1677
70 111 8793
1 111 7596
37 111 1720
95 111 5074
12 111 4982
76 111 7556
74 111 9448
86 111 1117
98 112 9761
94 112 8570
26 112 6592
3 112 6867
65 112 2242
0 112 6329
11 112 6749
71 112 8576
88 112 5421
60 112 2241
110 112 6077
15 112 7112
63 113 2558
35 113 4133
24 113 665
33 113 9599
83 113 2472
57 113 2150
19 113 8690
17 113 4602
29 113 1425
95 113 6517
109 113 8804
64 113 6750
48 114 7736
5 114 5309
107 114 766
98 114 7929
69 114 5
19 114 6
17 114 10000
8 114 6910
26 114 7475
88 114 5778
34 114 2451
79 114 3617
26 115 9020
68 115 837
110 115 5313
90 115 3867
80 115 3032
13 115 9448
34 115 5002
67 115 4217
50 115 9278
15 115 2127
20 115 141
47 115 6902
5 116 8459
94 116 6468
14 116 172
78 116 5098
51 116 1327
11 116 1263
69 116 5678
39 116 5486
104 116 7921
91 116 3709
21 116 9699
48 116 951
50 117 6485
12 117 3065
106 117 2666
9 117 1418
99 117 734
68 117 1409
34 117 6040
55 117 83
3 117 28
16 117 9630
75 117 968
32 117 8963
24 118 8916
2 118 5443
28 118 8455
70 118 3061
15 118 892
27 118 5578
44 118 1737
30 118 29
17 118 7204
13 118 9367
101 118 2235
3 118 4035
99 119 5841
6 119 184
19 119 2146
9 119 588
45 119 312
2 119 5361
37 119 2895
44 119 7989
10 119 4444
62 119 2537
35 119 3968
24 119 6699
30 120 2842
3 120 1227
22 120 1568
39 120 7752
58 120 467
78 120 5474
5 120 6816
15 120 4861
34 120 2844
26 120 4165
2 120 1201
46 120 1407
63 121 8227
69 121 5228
80 121 791
27 121 8733
52 121 4758
70 121 5425
117 121 5714
12 121 5817
36 121 5730
44 121 8285
56 121 707
20 121 2299
55 122 7315
49 122 1081
8 122 4740
20 122 2786
40 122 5392
41 122 3518
3 122 4198
42 122 9344
96 122 5214
64 122 4960
54 122 7900
12 122 7010
109 123 3511
20 123 6742
22 123 6654
61 123 2050
17 123 733
105 123 5474
11 123 1546
73 123 9140
45 123 1267
8 123 1352
4 123 5662
91 123 8252
120 124 2251
65 124 9723
12 124 2049
16 124 6738
27 124 6358
0 124 4324
50 124 3786
28 124 2611
43 124 2884
41 124 2673
82 124 3277
78 124 7167
118 125 2081
14 125 299
97 125 9827
88 125 2212
71 125 6515
15 125 4859
8 125 2833
67 125 3297
5 125 2468
30 125 5264
107 125 8273
76 125 6067
76 126 5915
19 126 3292
24 126 9019
38 126 7461
39 126 1060
20 126 466
75 126 553
28 126 8738
106 126 5448
29 126 6928
27 126 9261
55 126 2794
74 127 3541
27 127 3666
41 127 5704
4 127 4361
71 127 755
52 127 1892
34 127 1373
42 127 850
109 127 5210
21 127 8155
37 127 5751
35 127 4269
106 128 7146
1 128 2418
81 128 2510
109 128 8002
122 128 710
45 128 3269
19 128 6137
60 128 4227
51 128 2326
75 128 1908
36 128 2822
105 128 5124
38 129 5342
35 129 1831
14 129 1637
40 129 2649
117 129 863
19 129 113
34 129 5030
42 129 8371
124 129 6564
93 129 5454
4 129 9577
26 129 3035
28 130 4963
114 130 8544
90 130 2264
41 130 8977
13 130 7090
3 130 6776
99 130 1001
86 130 486
112 130 499
20 130 4097
30 130 3181
87 130 1916
9 131 3339
47 131 149
104 131 9808
21 131 6604
48 131 9296
62 131 6914
4 131 4246
53 131 826
119 131 3189
96 131 8025
29 131 7954
80 131 683
103 132 7563
116 132 8548
107 132 1525
53 132 9378
113 132 2534
79 132 9493
32 132 6711
8 132 2378
128 132 5711
86 132 1420
4 132 5712
119 132 2262
87 133 6077
34 133 2477
89 133 5627
104 133 5776
9 133 8227
130 133 2072
3 133 727
28 133 3922
81 133 8696
82 133 6043
0 133 4803
12 133 6535
1 134 9074
111 134 5327
64 134 7160
11 134 140
8 134 9215
42 134 130
69 134 7601
18 134 3482
31 134 4108
62 134 3632
90 134 1887
4 134 8176
125 135 3111
24 135 2214
68 135 9823
132 135 2153
110 135 6036
65 135 2384
17 135 7588
79 135 704
18 135 3588
63 135 9422
8 135 6969
28 135 9136
116 136 4475
27 136 6124
103 136 1314
31 136 4367
20 136 1754
68 136 2976
0 136 1350
22 136 2784
44 136 8498
66 136 8585
38 136 7889
48 136 7381
61 137 6246
27 137 9110
69 137 7486
20 137 6397
104 137 9959
83 137 8592
48 137 5378
23 137 3443
45 137 3576
6 137 7596
13 137 532
90 137 2090
111 138 2860
6 138 7841
29 138 4716
67 138 9027
109 138 1648
18 138 7471
15 138 3834
66 138 3570
57 138 8345
137 138 6960
1 138 9579
115 138 4642
74 139 8904
3 139 9272
5 139 2023
45 139 1623
65 139 4498
67 139 8852
83 139 1094
26 139 3714
16 139 1205
4 139 2600
14 139 2756
27 139 522
43 140 9043
60 140 6573
86 140 2565
48 140 3372
81 140 5845
68 140 7837
113 140 1582
93 140 7156
21 140 7432
92 140 9833
104 140 3521
10 140 7792
31 141 3123
121 141 7333
12 141 1010
80 141 4749
6 141 4325
8 141 7849
104 141 4601
126 141 738
7 141 1640
109 141 6295
3 141 7826
19 141 5832
120 142 8360
115 142 9632
8 142 9558
61 142 7193
14 142 8791
53 142 5403
130 142 7032
21 142 7916
13 142 4344
52 142 5453
60 142 6569
90 142 1651
101 143 9061
66 143 3819
121 143 2495
15 143 762
13 143 193
40 143 4689
37 143 6504
24 143 3101
23 143 7432
1 143 8786
131 143 9371
2 143 2918
64 144 9166
101 144 452
9 144 4873
139 144 9815
140 144 7065
120 144 9785
18 144 9969
71 144 123
36 144 2724
88 144 3035
39 144 2102
142 144 2594
12 145 7239
95 145 230
37 145 6447
60 145 1236
9 145 3790
31 145 6435
15 145 131
143 145 236
54 145 6911
3 145 4729
98 145 3610
17 145 9695
35 146 4905
107 146 9757
48 146 3053
106 146 2970
64 146 4238
17 146 9037
75 146 3522
119 146 2575
2 146 1298
120 146 9562
123 146 2674
60 146 2532
96 147 7091
5 147 6010
25 147 6318
130 147 9329
99 147 4717
50 147 3948
129 147 545
88 147 3149
111 147 8421
41 147 510
20 147 2257
28 147 8672
82 148 2672
97 148 2835
26 148 6674
91 148 1039
57 148 9326
92 148 1873
33 148 8295
30 148 4322
0 148 5741
15 148 8640
60 148 2361
114 148 3274
43 149 4794
42 149 6066
45 149 6248
101 149 2998
38 149 4190
35 149 1788
13 149 5247
77 149 8015
4 149 2788
15 149 9043
3 149 4267
50 149 3424
130 150 3866
105 150 8147
119 150 4243
25 150 5266
95 150 8190
1 150 6959
62 150 1467
21 150 1198
148 150 309
22 150 7963
18 150 2030
9 150 8817
3 151 8773
62 151 1800
83 151 5297
76 151 9857
149 151 4345
144 151 7228
135 151 7905
16 151 7572
9 151 4488
5 151 595
84 151 4800
42 151 923
62 152 4444
15 152 742
60 152 9754
91 152 8151
34 152 5698
111 152 8868
97 152 2163
73 152 15
8 152 7859
58 152 7938
17 152 8692
7 152 9217
107 153 2181
6 153 5237
50 153 9269
16 153 9570
42 153 2100
56 153 167
28 153 1656
114 153 8197
85 153 4406
80 153 3274
83 153 8412
27 153 7030
153 154 3848
8 154 3604
143 154 5451
1 154 4261
49 154 6173
4 154 6113
29 154 596
25 154 1239
91 154 5623
11 154 8216
20 154 8196
58 154 5390
15 155 500
62 155 5323
4 155 2078
44 155 1049
109 155 6953
18 155 9199
42 155 9865
5 155 6357
52 155 7131
56 155 2400
31 155 1591
144 155 6663
29 156 2219
60 156 4869
12 156 7829
74 156 8794
73 156 540
39 156 3968
48 156 901
44 156 6227
53 156 2584
35 156 5653
70 156 854
41 156 7265
60 157 2988
32 157 7
1 157 2589
99 157 8492
22 157 4347
154 157 356
69 157 824
16 157 4513
4 157 511
52 157 942
34 157 543
94 157 8384
21 158 3399
80 158 5247
14 158 4973
38 158 7142
17 158 5016
31 158 4553
3 158 633
57 158 3333
9 158 8334
86 158 6620
138 158 98
29 158 915
35 159 8252
42 159 8775
123 159 1725
22 159 7388
53 159 3729
12 159 1992
102 159 1730
86 159 8714
87 159 7473
28 159 846
157 159 861
38 159 8135
115 160 1530
114 160 35
41 160 1926
151 160 9360
5 160 515
73 160 2799
46 160 2495
53 160 4179
104 160 7125
16 160 3127
6 160 702
61 160 5410
30 161 4399
142 161 4047
111 161 3145
45 161 7464
121 161 815
61 161 247
7 161 4235
21 161 13
35 161 8334
4 161 4798
75 161 8412
43 161 4245
8 162 9300
94 162 6597
118 162 1882
26 162 4707
3 162 2186
97 162 6971
39 162 9817
138 162 9010
30 162 6738
107 162 7985
5 162 1555
78 162 3417
111 163 9481
144 163 7633
119 163 7450
55 163 6972
142 163 3787
106 163 9463
19 163 5014
105 163 6420
12 163 4127
7 163 5850
138 163 3765
108 163 41
2 164 7084
55 164 507
18 164 2134
103 164 5115
87 164 717
12 164 3359
134 164 9522
3 164 9924
8 164 9251
35 164 2711
21 164 8722
152 164 5635
131 165 1619
62 165 819
32 165 1639
118 165 562
20 165 8086
119 165 3805
25 165 5023
85 165 5478
76 165 6140
117 165 3077
43 165 379
0 165 8502
99 166 1090
66 166 783
143 166 4563
163 166 9558
112 166 2895
33 166 1990
13 166 7412
34 166 1610
15 166 9869
150 166 3686
52 166 4144
46 166 907
3 167 5570
57 167 5760
33 167 3445
12 167 3096
139 167 3359
4 167 7615
64 167 474
84 167 5445
68 167 9148
2 167 9184
29 167 5532
44 167 2494
120 168 7488
6 168 6682
109 168 6562
19 168 4922
157 168 1513
146 168 8696
20 168 1348
137 168 5015
166 168 4997
31 168 421
77 168 4159
28 168 7115
54 169 7895
7 169 6397
71 169 5153
120 169 5757
121 169 645
150 169 2257
14 169 4960
9 169 6629
148 169 9925
37 169 1808
6 169 6411
98 169 2509
20 170 2629
6 170 4845
122 170 3713
51 170 5412
32 170 5080
146 170 3
168 170 2454
22 170 2191
16 170 8613
27 170 7165
136 170 6195
10 170 918
1 171 3261
94 171 6775
4 171 5305
109 171 4168
104 171 2552
37 171 5875
9 171 7694
19 171 1908
11 171 3217
18 171 9597
36 171 7960
30 171 993
67 172 9736
19 172 6117
57 172 3697
94 172 4157
158 172 1398
28 172 951
66 172 7305
145 172 4444
78 172 9807
22 172 4413
100 172 8552
95 172 732
33 173 1679
41 173 4786
6 173 6158
30 173 7274
1 173 1683
12 173 1604
14 173 4927
13 173 9712
141 173 4250
3 173 5162
98 173 8936
118 173 3636
27 174 5694
22 174 4591
16 174 2729
24 174 1576
95 174 1139
166 174 1489
103 174 3709
53 174 7830
45 174 5102
41 174 5913
48 174 423
173 174 8838
17 175 5462
11 175 7186
174 175 7179
22 175 8641
103 175 2393
119 175 3128
110 175 8586
0 175 9528
13 175 9861
63 175 4252
149 175 6195
16 175 6219
9 176 7321
14 176 5234
134 176 2553
13 176 3448
37 176 5446
74 176 7864
42 176 2518
6 176 2427
169 176 6584
43 176 2360
106 176 7634
103 176 2151
123 177 8497
89 177 5234
10 177 5142
42 177 9478
124 177 4070
3 177 7243
18 177 7809
154 177 1769
81 177 9956
173 177 6741
87 177 3955
175 177 8381
87 178 3060
30 178 9223
150 178 4963
99 178 5478
126 178 8017
16 178 71
170 178 4785
158 178 1849
7 178 9803
28 178 9175
60 178 6275
85 178 2067
33 179 2368
46 179 7346
7 179 7966
15 179 9746
4 179 3430
39 179 8977
3 179 2620
80 179 7848
96 179 3847
68 179 9371
123 179 870
31 179 3356
