20 135
0 1 6986
0 2 9594
1 2 6945
0 3 793
1 3 4799
2 3 7947
0 4 488
1 4 4046
2 4 2835
3 4 1259
0 5 879
1 5 5097
2 5 1609
3 5 6137
4 5 1575
0 6 8067
1 6 4940
2 6 7485
3 6 2699
4 6 7820
5 6 4827
0 7 6701
1 7 3413
2 7 8846
3 7 6054
4 7 3658
5 7 2215
6 7 3075
0 8 5053
1 8 2582
2 8 9353
3 8 4945
4 8 195
5 8 449
6 8 3157
7 8 8711
0 9 9404
1 9 2702
2 9 8248
3 9 8486
4 9 168
5 9 4816
6 9 5617
7 9 3587
8 9 251
9 10 5299
3 10 4093
2 10 2641
6 10 7562
4 10 7736
7 10 4099
8 10 6974
0 10 552
1 10 2346
2 11 8582
5 11 6343
7 11 6077
1 11 6766
6 11 1227
9 11 4176
0 11 2844
10 11 4300
4 11 5518
9 12 8275
5 12 2626
10 12 4350
8 12 8584
0 12 9143
6 12 1792
1 12 9591
7 12 106
3 12 7576
7 13 575
11 13 5788
5 13 417
2 13 689
1 13 5
3 13 6234
9 13 8216
10 13 5765
0 13 3723
12 14 7120
13 14 8360
3 14 8498
6 14 8310
1 14 1217
10 14 8147
0 14 9341
4 14 2382
2 14 8900
7 15 975
14 15 1990
1 15 746
4 15 9868
5 15 3722
13 15 5376
2 15 467
9 15 729
8 15 8814
9 16 620
3 16 7325
15 16 2201
0 16 223
4 16 1851
2 16 966
10 16 5825
14 16 1050
12 16 1019
4 17 367
13 17 7557
12 17 5387
16 17 8707
0 17 8292
9 17 1785
3 17 9268
2 17 3483
1 17 7539
7 18 8811
4 18 8470
0 18 7421
16 18 5843
3 18 4588
1 18 6115
9 18 2627
6 18 4911
15 18 5151
10 19 9161
14 19 7858
2 19 2170
0 19 7404
6 19 4874
1 19 1087
4 19 4208
3 19 3201
15 19 9899
