60 867
0 1 2764
0 2 4045
1 2 606
0 3 6558
1 3 5917
2 3 8343
0 4 40
1 4 626
2 4 1798
3 4 893
0 5 2357
1 5 167
2 5 9880
3 5 775
4 5 8969
0 6 6533
1 6 9185
2 6 5638
3 6 2179
4 6 3175
5 6 5712
0 7 8011
1 7 3732
2 7 521
3 7 8813
4 7 9048
5 7 6238
6 7 7364
0 8 517
1 8 6867
2 8 5809
3 8 2831
4 8 2746
5 8 3920
6 8 4519
7 8 8529
0 9 4968
1 9 71
2 9 3434
3 9 1176
4 9 7581
5 9 6162
6 9 2064
7 9 1872
8 9 1637
0 10 2649
1 10 517
2 10 2629
3 10 9896
4 10 407
5 10 2901
6 10 25
7 10 8686
8 10 1608
9 10 5791
0 11 5615
1 11 8340
2 11 7427
3 11 4178
4 11 8918
5 11 7148
6 11 183
7 11 4143
8 11 2247
9 11 4790
10 11 4977
0 12 1511
1 12 6431
2 12 6131
3 12 9524
4 12 3595
5 12 6668
6 12 7123
7 12 1387
8 12 7183
9 12 6277
10 12 7442
11 12 7037
0 13 2410
1 13 3220
2 13 8386
3 13 4682
4 13 1128
5 13 9939
6 13 1090
7 13 594
8 13 973
9 13 9458
10 13 7686
11 13 6851
12 13 9857
0 14 9114
1 14 5499
2 14 3650
3 14 5773
4 14 2274
5 14 4318
6 14 2450
7 14 108
8 14 1979
9 14 9633
10 14 5864
11 14 4879
12 14 92
13 14 7896
0 15 6602
1 15 284
2 15 6626
3 15 9787
4 15 5386
5 15 6181
6 15 7959
7 15 8215
8 15 9100
9 15 5595
10 15 6793
11 15 3891
12 15 6421
13 15 7785
14 15 5027
0 16 1235
1 16 7239
2 16 5951
3 16 1907
4 16 5961
5 16 8077
6 16 9835
7 16 4474
8 16 6411
9 16 8624
10 16 8425
11 16 2554
12 16 7077
13 16 5224
14 16 4228
15 16 4344
0 17 3858
1 17 3465
2 17 3585
3 17 7836
4 17 5757
5 17 4292
6 17 1477
7 17 4506
8 17 8683
9 17 3570
10 17 7250
11 17 4405
12 17 1231
13 17 4339
14 17 1156
15 17 8231
16 17 5114
16 18 6361
6 18 7907
5 18 2526
2 18 9966
7 18 7293
17 18 8318
1 18 8750
9 18 1817
4 18 3860
8 18 6820
11 18 1516
14 18 9799
13 18 8788
3 18 8735
15 18 2723
0 18 7216
10 18 8212
0 19 8801
13 19 8143
15 19 351
8 19 959
3 19 7394
11 19 4137
4 19 4309
14 19 7157
2 19 3288
7 19 5214
12 19 9736
1 19 3861
6 19 8160
9 19 9193
18 19 1000
10 19 2878
16 19 2612
5 20 1335
18 20 3434
6 20 887
4 20 3008
2 20 3102
8 20 5523
3 20 4720
9 20 6303
1 20 8354
13 20 8832
10 20 4471
19 20 590
15 20 1409
12 20 2362
14 20 7743
16 20 9434
0 20 7641
2 21 8887
5 21 1861
3 21 2904
15 21 4468
1 21 1225
9 21 7557
6 21 7915
0 21 7955
13 21 7900
12 21 5304
4 21 2650
18 21 3095
17 21 6995
11 21 5564
7 21 7083
16 21 9000
20 21 2573
18 22 3372
14 22 286
13 22 6568
0 22 4220
21 22 8403
5 22 7989
2 22 2045
9 22 1484
17 22 8827
1 22 983
6 22 3550
19 22 4567
4 22 857
7 22 6946
12 22 8064
11 22 1032
8 22 6153
6 23 4884
22 23 2411
4 23 7255
13 23 5011
11 23 7947
18 23 6973
15 23 658
10 23 6656
8 23 6716
21 23 1926
12 23 1054
9 23 1742
7 23 5961
2 23 4317
14 23 3822
3 23 4803
16 23 8010
23 24 543
0 24 9604
19 24 4584
6 24 6180
13 24 5285
14 24 7035
20 24 9737
1 24 2053
12 24 4819
4 24 219
16 24 3604
11 24 3500
10 24 5303
9 24 9112
15 24 3272
2 24 3015
21 24 8705
13 25 3898
23 25 3454
17 25 1843
14 25 5845
11 25 7304
19 25 3123
15 25 2665
1 25 4063
4 25 1482
21 25 3799
20 25 1918
9 25 5331
18 25 5075
12 25 5328
24 25 8787
16 25 2404
6 25 7398
2 26 3137
8 26 1573
7 26 343
17 26 2912
10 26 9256
24 26 5092
18 26 5969
6 26 3706
14 26 1317
16 26 6791
1 26 2896
5 26 7100
15 26 1131
20 26 397
13 26 7367
0 26 6201
22 26 7040
10 27 735
12 27 4988
9 27 140
7 27 2575
15 27 6702
25 27 1501
8 27 818
18 27 514
1 27 1553
16 27 4639
3 27 7107
2 27 9721
13 27 613
14 27 4945
24 27 6650
19 27 7049
21 27 506
0 28 1886
22 28 3898
12 28 9269
11 28 8977
1 28 6993
20 28 1377
14 28 6612
21 28 4336
4 28 5945
6 28 6246
19 28 8515
2 28 6150
15 28 9380
17 28 6560
24 28 7052
13 28 7366
8 28 8494
1 29 7143
28 29 7211
10 29 3601
17 29 8971
14 29 7020
16 29 3711
6 29 6372
11 29 3331
7 29 5706
23 29 1405
5 29 6349
2 29 8626
15 29 8714
27 29 1778
18 29 1073
19 29 3317
8 29 2370
6 30 3349
24 30 7283
25 30 6110
16 30 5477
2 30 8907
15 30 1073
3 30 6724
20 30 91
8 30 1600
27 30 8301
11 30 345
12 30 1435
29 30 1465
10 30 4872
5 30 8239
0 30 8557
21 30 5786
5 31 6869
20 31 5204
10 31 5575
9 31 728
7 31 4122
19 31 9369
12 31 9894
14 31 4800
4 31 5338
24 31 2690
13 31 975
8 31 7460
18 31 691
6 31 1
16 31 95
22 31 9448
11 31 5334
16 32 1692
17 32 7536
13 32 9662
1 32 3761
4 32 9230
27 32 5818
12 32 5943
18 32 3370
28 32 1529
6 32 1627
11 32 749
8 32 3592
31 32 5787
2 32 3918
25 32 3770
14 32 5914
9 32 5815
23 33 2526
17 33 4733
6 33 1883
20 33 5992
13 33 4297
4 33 793
22 33 9042
27 33 9911
15 33 6854
21 33 8246
5 33 9201
2 33 6787
31 33 1491
32 33 7967
26 33 17
12 33 4835
10 33 3275
23 34 6112
2 34 4433
6 34 1724
20 34 6575
0 34 2051
15 34 287
24 34 9745
13 34 1330
31 34 1787
30 34 2547
27 34 2114
9 34 6384
11 34 3065
28 34 6548
8 34 2710
14 34 1666
18 34 6168
15 35 2383
16 35 9797
26 35 732
30 35 3883
24 35 1506
32 35 5098
31 35 4728
22 35 6889
0 35 8147
20 35 8111
3 35 4276
33 35 7365
10 35 1985
14 35 4313
12 35 3934
17 35 7299
7 35 4836
14 36 2741
32 36 6994
7 36 3100
28 36 4600
24 36 3366
11 36 6549
6 36 8634
23 36 9236
1 36 6886
30 36 6764
33 36 6539
5 36 7405
29 36 4830
10 36 1664
18 36 1272
0 36 7844
26 36 8959
6 37 4183
28 37 2803
30 37 1717
20 37 8279
32 37 5026
29 37 3863
14 37 5311
13 37 3571
7 37 64
3 37 7025
31 37 2204
4 37 3909
23 37 3972
17 37 103
33 37 2819
25 37 377
27 37 21
3 38 9187
19 38 8823
32 38 4152
5 38 1203
31 38 4
13 38 4475
14 38 9893
15 38 7376
20 38 7292
21 38 7422
7 38 8861
12 38 8342
25 38 5071
24 38 4474
37 38 8788
17 38 4977
34 38 3169
16 39 3301
7 39 6859
10 39 3714
1 39 3659
23 39 4391
24 39 8069
28 39 2394
2 39 9906
3 39 7173
17 39 9934
30 39 6779
9 39 3107
14 39 1082
5 39 3448
36 39 7863
0 39 5087
13 39 2700
31 40 7558
9 40 7358
11 40 7740
12 40 6434
2 40 8854
29 40 3759
19 40 4873
35 40 8826
39 40 1818
14 40 66
32 40 4782
13 40 5818
5 40 2714
8 40 3261
21 40 9806
0 40 8105
3 40 2313
29 41 6293
14 41 2659
31 41 6692
38 41 4390
12 41 281
18 41 8635
39 41 9615
1 41 9604
17 41 1483
0 41 6380
25 41 8466
33 41 4517
19 41 4148
7 41 8996
3 41 4240
28 41 3533
2 41 5576
31 42 8996
18 42 3543
7 42 1208
23 42 8129
22 42 9028
37 42 3584
19 42 6662
9 42 6733
24 42 2551
15 42 2216
40 42 4142
33 42 8218
21 42 9836
12 42 8631
1 42 7452
10 42 5685
13 42 978
0 43 7355
24 43 7135
19 43 8644
3 43 2135
30 43 1947
41 43 9476
1 43 3505
15 43 2097
11 43 1213
14 43 3031
6 43 5826
25 43 7625
38 43 6034
27 43 1402
40 43 9804
12 43 9933
16 43 6937
12 44 6458
4 44 1354
16 44 8751
0 44 1555
6 44 456
10 44 8493
3 44 8509
21 44 8291
42 44 6462
34 44 3877
38 44 2081
24 44 1404
5 44 5936
39 44 8998
11 44 7856
28 44 1799
9 44 1186
6 45 7848
16 45 285
26 45 4161
21 45 1106
42 45 5000
39 45 3902
24 45 799
5 45 2236
23 45 5143
13 45 6989
3 45 5578
10 45 5945
7 45 6893
4 45 4798
12 45 7169
22 45 7473
30 45 5804
23 46 9906
26 46 3733
5 46 8083
44 46 3462
13 46 413
29 46 9632
2 46 2757
0 46 9112
1 46 956
15 46 7723
17 46 5362
31 46 1097
20 46 2884
16 46 5075
42 46 5233
45 46 8617
7 46 1048
15 47 4071
27 47 8430
1 47 9976
42 47 8539
18 47 6716
6 47 3879
2 47 6583
4 47 8124
10 47 788
11 47 5474
22 47 2649
17 47 4297
44 47 2499
13 47 5884
9 47 2955
31 47 5171
16 47 9138
39 48 4057
13 48 7499
4 48 300
15 48 5852
31 48 789
10 48 849
6 48 4510
28 48 6846
9 48 7833
5 48 7381
1 48 7838
29 48 32
37 48 1567
23 48 8192
34 48 9771
14 48 808
26 48 9408
13 49 8211
14 49 8210
5 49 9573
27 49 4645
16 49 9639
20 49 1779
47 49 2947
11 49 4418
4 49 7582
23 49 9842
35 49 5364
17 49 2170
6 49 2317
24 49 4136
42 49 7313
28 49 4474
7 49 4633
48 50 9162
49 50 3046
40 50 7709
0 50 2559
18 50 4622
14 50 3885
5 50 372
23 50 3123
44 50 6334
3 50 5287
6 50 2123
42 50 5545
24 50 8123
29 50 8317
26 50 1573
17 50 9346
10 50 4593
38 51 6549
26 51 9240
31 51 9170
12 51 2427
36 51 580
1 51 1631
3 51 4847
8 51 6367
21 51 8984
32 51 8919
9 51 4911
11 51 1676
6 51 9694
33 51 703
18 51 3782
41 51 7340
44 51 5103
10 52 5321
40 52 4437
22 52 9127
5 52 3473
31 52 4123
1 52 8563
20 52 9019
13 52 9948
44 52 5500
4 52 9245
34 52 6034
8 52 3718
6 52 5940
51 52 7331
37 52 2722
14 52 4286
49 52 7506
6 53 7780
13 53 4775
49 53 4151
0 53 2956
45 53 3051
24 53 3974
35 53 1131
18 53 2427
16 53 6937
27 53 1744
46 53 2340
10 53 7417
14 53 6411
38 53 4756
44 53 2588
29 53 8673
8 53 9054
1 54 6623
29 54 6643
7 54 8370
48 54 3681
34 54 4961
30 54 6594
4 54 9455
23 54 8417
37 54 5983
33 54 4743
24 54 6120
28 54 5560
10 54 305
20 54 5021
35 54 9651
14 54 1184
40 54 9038
39 55 2708
45 55 6831
36 55 2168
10 55 9572
29 55 6263
14 55 87
42 55 9708
28 55 1565
4 55 2630
26 55 2368
20 55 7777
0 55 5302
6 55 7330
3 55 719
16 55 5459
25 55 1585
8 55 4005
23 56 1849
5 56 5454
31 56 8714
10 56 5908
2 56 6501
28 56 9529
32 56 3654
48 56 4947
19 56 8800
50 56 5275
47 56 5789
51 56 2882
6 56 9536
41 56 8586
4 56 1353
36 56 3348
37 56 9855
24 57 1334
35 57 5861
21 57 1548
38 57 6415
23 57 9242
9 57 5095
8 57 8819
34 57 3056
19 57 7400
32 57 456
37 57 7961
20 57 9352
26 57 9489
2 57 462
40 57 6672
25 57 9116
4 57 9903
23 58 4183
25 58 4312
55 58 9209
56 58 3415
4 58 6573
11 58 3354
52 58 105
0 58 6266
26 58 1423
40 58 2758
6 58 6020
57 58 3147
29 58 7239
7 58 6796
27 58 7581
34 58 8386
47 58 7382
45 59 8315
46 59 9040
11 59 7125
4 59 1135
28 59 7492
19 59 6431
23 59 2797
36 59 1440
49 59 5495
24 59 3557
8 59 499
40 59 4089
27 59 6891
10 59 7749
18 59 6321
1 59 2207
44 59 2334
