120 7140
0 1 777
0 2 1723
0 3 7337
0 4 3101
0 5 6064
0 6 9953
0 7 6878
0 8 6251
0 9 340
0 10 7070
0 11 6444
0 12 5443
0 13 1017
0 14 7906
0 15 5430
0 16 9365
0 17 1576
0 18 1510
0 19 9511
0 20 9039
0 21 8030
0 22 6567
0 23 9001
0 24 5820
0 25 4745
0 26 7856
0 27 534
0 28 1229
0 29 3230
0 30 4859
0 31 5274
0 32 5809
0 33 4090
0 34 5796
0 35 8465
0 36 4639
0 37 2477
0 38 2527
0 39 883
0 40 7626
0 41 5513
0 42 6613
0 43 3894
0 44 2152
0 45 9446
0 46 1316
0 47 4053
0 48 5711
0 49 8465
0 50 7313
0 51 4519
0 52 4433
0 53 9435
0 54 3003
0 55 1214
0 56 88
0 57 7414
0 58 4881
0 59 8124
0 60 911
0 61 6559
0 62 8824
0 63 2603
0 64 1007
0 65 1029
0 66 9805
0 67 5794
0 68 761
0 69 3516
0 70 6198
0 71 283
0 72 3413
0 73 3534
0 74 5679
0 75 6014
0 76 9880
0 77 3412
0 78 5986
0 79 1012
0 80 7932
0 81 3995
0 82 8189
0 83 4366
0 84 4690
0 85 69
0 86 3252
0 87 2190
0 88 6652
0 89 8233
0 90 7892
0 91 5274
0 92 1452
0 93 3957
0 94 4551
0 95 5853
0 96 6175
0 97 2112
0 98 5543
0 99 8088
0 100 5755
0 101 5078
0 102 4224
0 103 3532
0 104 7750
0 105 8392
0 106 2006
0 107 3977
0 108 4565
0 109 771
0 110 7841
0 111 3366
0 112 1409
0 113 8833
0 114 3732
0 115 2032
0 116 672
0 117 5119
0 118 6869
0 119 7258
1 2 1021
1 3 2803
1 4 7588
1 5 8818
1 6 7262
1 7 2914
1 8 4007
1 9 2101
1 10 926
1 11 1223
1 12 9729
1 13 7068
1 14 2686
1 15 1845
1 16 6483
1 17 4723
1 18 9558
1 19 9014
1 20 4183
1 21 6941
1 22 1969
1 23 6380
1 24 6910
1 25 8991
1 26 1250
1 27 4457
1 28 1002
1 29 1462
1 30 4891
1 31 7938
1 32 6980
1 33 7328
1 34 7017
1 35 1893
1 36 1243
1 37 3025
1 38 2311
1 39 7105
1 40 2626
1 41 1627
1 42 7279
1 43 7802
1 44 3972
1 45 7520
1 46 7828
1 47 1269
1 48 5359
1 49 9125
1 50 3833
1 51 6712
1 52 5700
1 53 2807
1 54 334
1 55 9218
1 56 5519
1 57 1068
1 58 8289
1 59 9628
1 60 3586
1 61 3691
1 62 7810
1 63 6721
1 64 563
1 65 8645
1 66 388
1 67 1067
1 68 5315
1 69 3398
1 70 8259
1 71 2362
1 72 1219
1 73 3900
1 74 7884
1 75 8270
1 76 9453
1 77 3776
1 78 1881
1 79 135
1 80 1826
1 81 7267
1 82 1692
1 83 6701
1 84 8117
1 85 9140
1 86 119
1 87 2240
1 88 2945
1 89 999
1 90 4105
1 91 8125
1 92 5593
1 93 6243
1 94 8554
1 95 5431
1 96 1448
1 97 8516
1 98 5704
1 99 1593
1 100 4745
1 101 6784
1 102 415
1 103 4771
1 104 5100
1 105 5230
1 106 298
1 107 8018
1 108 4275
1 109 9530
1 110 5233
1 111 3693
1 112 7072
1 113 975
1 114 8001
1 115 6015
1 116 1093
1 117 6682
1 118 4573
1 119 5010
2 3 7934
2 4 1692
2 5 5962
2 6 1916
2 7 3259
2 8 3202
2 9 7843
2 10 1851
2 11 7926
2 12 9396
2 13 8931
2 14 8315
2 15 5643
2 16 8074
2 17 7740
2 18 9475
2 19 8538
2 20 6667
2 21 7038
2 22 1799
2 23 694
2 24 7324
2 25 9666
2 26 9787
2 27 7630
2 28 8668
2 29 3387
2 30 5476
2 31 8466
2 32 9147
2 33 4328
2 34 2185
2 35 8731
2 36 3231
2 37 9235
2 38 1887
2 39 8250
2 40 5259
2 41 425
2 42 3804
2 43 1691
2 44 1974
2 45 1252
2 46 4859
2 47 4084
2 48 9905
2 49 4339
2 50 3012
2 51 6173
2 52 3183
2 53 9693
2 54 1177
2 55 5141
2 56 7615
2 57 5598
2 58 3722
2 59 4235
2 60 1149
2 61 6287
2 62 4993
2 63 8194
2 64 6848
2 65 5943
2 66 4858
2 67 7921
2 68 571
2 69 9996
2 70 7162
2 71 9680
2 72 8710
2 73 5527
2 74 8984
2 75 7583
2 76 4078
2 77 2951
2 78 7279
2 79 7763
2 80 2685
2 81 2877
2 82 8172
2 83 4874
2 84 9675
2 85 452
2 86 7152
2 87 8095
2 88 7304
2 89 8539
2 90 6911
2 91 6247
2 92 3827
2 93 6724
2 94 8763
2 95 2642
2 96 3029
2 97 7027
2 98 8305
2 99 3355
2 100 2876
2 101 1135
2 102 8987
2 103 8792
2 104 9709
2 105 7099
2 106 2044
2 107 7069
2 108 2779
2 109 1597
2 110 8752
2 111 1944
2 112 7476
2 113 8773
2 114 6044
2 115 5908
2 116 4147
2 117 2156
2 118 7344
2 119 7335
3 4 4111
3 5 7010
3 6 4835
3 7 8963
3 8 7969
3 9 9668
3 10 6565
3 11 4639
3 12 516
3 13 6453
3 14 4506
3 15 3174
3 16 6363
3 17 315
3 18 653
3 19 6837
3 20 799
3 21 8198
3 22 5413
3 23 4706
3 24 5544
3 25 6787
3 26 7608
3 27 3943
3 28 8664
3 29 5932
3 30 4050
3 31 2128
3 32 8748
3 33 1662
3 34 8247
3 35 499
3 36 4380
3 37 7341
3 38 4947
3 39 3823
3 40 2584
3 41 7960
3 42 5982
3 43 4332
3 44 6192
3 45 1835
3 46 387
3 47 8594
3 48 8014
3 49 9365
3 50 7381
3 51 257
3 52 6057
3 53 3860
3 54 534
3 55 2994
3 56 2789
3 57 7381
3 58 22
3 59 7420
3 60 5175
3 61 6543
3 62 9282
3 63 2445
3 64 664
3 65 890
3 66 6461
3 67 942
3 68 5697
3 69 1410
3 70 3279
3 71 3638
3 72 8420
3 73 6726
3 74 450
3 75 474
3 76 1158
3 77 8213
3 78 9790
3 79 1659
3 80 709
3 81 6019
3 82 7433
3 83 9893
3 84 6086
3 85 7686
3 86 335
3 87 8269
3 88 9818
3 89 7592
3 90 1308
3 91 941
3 92 9226
3 93 2646
3 94 8949
3 95 4681
3 96 2338
3 97 4767
3 98 5302
3 99 8623
3 100 3029
3 101 6632
3 102 980
3 103 8847
3 104 5343
3 105 4351
3 106 5706
3 107 8504
3 108 4574
3 109 7056
3 110 1316
3 111 1492
3 112 3457
3 113 3384
3 114 1481
3 115 7429
3 116 2698
3 117 2957
3 118 3330
3 119 5559
4 5 192
4 6 2699
4 7 324
4 8 3291
4 9 3986
4 10 977
4 11 9474
4 12 9209
4 13 8461
4 14 7901
4 15 1163
4 16 9307
4 17 7406
4 18 5609
4 19 3888
4 20 671
4 21 9988
4 22 5270
4 23 3257
4 24 3799
4 25 4561
4 26 1528
4 27 800
4 28 4773
4 29 6957
4 30 8494
4 31 794
4 32 3517
4 33 9090
4 34 1768
4 35 5728
4 36 4838
4 37 9372
4 38 5212
4 39 7118
4 40 3222
4 41 1517
4 42 7953
4 43 4696
4 44 3267
4 45 3881
4 46 144
4 47 8475
4 48 7646
4 49 1666
4 50 5241
4 51 5375
4 52 3883
4 53 4746
4 54 3331
4 55 5326
4 56 7765
4 57 1516
4 58 9119
4 59 6966
4 60 8780
4 61 3351
4 62 620
4 63 6871
4 64 8104
4 65 254
4 66 9845
4 67 354
4 68 8475
4 69 4149
4 70 7504
4 71 9689
4 72 4633
4 73 2101
4 74 2515
4 75 9666
4 76 4750
4 77 873
4 78 1162
4 79 8751
4 80 2515
4 81 9759
4 82 2079
4 83 7307
4 84 2143
4 85 9020
4 86 7186
4 87 9686
4 88 9607
4 89 5657
4 90 1942
4 91 4908
4 92 5733
4 93 144
4 94 518
4 95 3222
4 96 8893
4 97 6440
4 98 7152
4 99 9086
4 100 7055
4 101 426
4 102 9320
4 103 3606
4 104 4939
4 105 6840
4 106 4566
4 107 3016
4 108 4737
4 109 3288
4 110 613
4 111 685
4 112 188
4 113 4871
4 114 3455
4 115 4418
4 116 5126
4 117 9799
4 118 4853
4 119 6813
5 6 5975
5 7 3184
5 8 9903
5 9 6873
5 10 3093
5 11 9737
5 12 96
5 13 451
5 14 1095
5 15 1515
5 16 7845
5 17 1232
5 18 1327
5 19 4038
5 20 6888
5 21 4957
5 22 9314
5 23 4794
5 24 7264
5 25 4145
5 26 1998
5 27 2335
5 28 8188
5 29 270
5 30 818
5 31 6128
5 32 1702
5 33 584
5 34 6127
5 35 2017
5 36 5360
5 37 4720
5 38 1458
5 39 5792
5 40 5235
5 41 7305
5 42 868
5 43 932
5 44 7905
5 45 7639
5 46 3869
5 47 2017
5 48 7659
5 49 3251
5 50 6793
5 51 642
5 52 8415
5 53 9939
5 54 9126
5 55 2152
5 56 2709
5 57 2423
5 58 6027
5 59 8777
5 60 4045
5 61 2346
5 62 3432
5 63 37
5 64 6778
5 65 5569
5 66 7508
5 67 2041
5 68 1486
5 69 7869
5 70 7998
5 71 7743
5 72 2750
5 73 6781
5 74 6634
5 75 2390
5 76 755
5 77 1125
5 78 6749
5 79 5017
5 80 5704
5 81 1952
5 82 4840
5 83 8914
5 84 3567
5 85 8471
5 86 4116
5 87 2412
5 88 3376
5 89 5743
5 90 76
5 91 7933
5 92 9875
5 93 6461
5 94 9301
5 95 9478
5 96 4406
5 97 7051
5 98 1445
5 99 2679
5 100 6197
5 101 6415
5 102 6058
5 103 614
5 104 200
5 105 5962
5 106 131
5 107 3711
5 108 3875
5 109 2871
5 110 5454
5 111 4962
5 112 4125
5 113 16
5 114 6035
5 115 8985
5 116 8917
5 117 9412
5 118 2726
5 119 8585
6 7 2752
6 8 6608
6 9 499
6 10 196
6 11 2768
6 12 3331
6 13 2589
6 14 1024
6 15 3902
6 16 4580
6 17 1033
6 18 566
6 19 1014
6 20 5359
6 21 2218
6 22 1561
6 23 9828
6 24 1687
6 25 1389
6 26 8209
6 27 5531
6 28 4092
6 29 2538
6 30 8877
6 31 7293
6 32 2824
6 33 3477
6 34 67
6 35 3941
6 36 9090
6 37 5828
6 38 7243
6 39 5273
6 40 669
6 41 9180
6 42 4844
6 43 6000
6 44 7046
6 45 6085
6 46 1178
6 47 6796
6 48 4076
6 49 5757
6 50 556
6 51 9457
6 52 3913
6 53 4003
6 54 5306
6 55 66
6 56 7020
6 57 9545
6 58 2461
6 59 7638
6 60 6791
6 61 3554
6 62 468
6 63 1750
6 64 6492
6 65 2978
6 66 8665
6 67 1152
6 68 5822
6 69 3988
6 70 3649
6 71 6070
6 72 6573
6 73 3834
6 74 3535
6 75 1425
6 76 2696
6 77 7318
6 78 2424
6 79 3861
6 80 8781
6 81 1518
6 82 2323
6 83 1728
6 84 4602
6 85 4960
6 86 60
6 87 8340
6 88 6169
6 89 2524
6 90 9438
6 91 3675
6 92 3061
6 93 2548
6 94 2440
6 95 9434
6 96 1635
6 97 2521
6 98 2569
6 99 6191
6 100 549
6 101 7873
6 102 2315
6 103 3402
6 104 1058
6 105 7161
6 106 4953
6 107 4097
6 108 863
6 109 8147
6 110 5749
6 111 7296
6 112 1255
6 113 1247
6 114 5946
6 115 613
6 116 6986
6 117 6949
6 118 6730
6 119 3504
7 8 3839
7 9 7478
7 10 8753
7 11 9318
7 12 4717
7 13 9613
7 14 1994
7 15 5086
7 16 2757
7 17 4904
7 18 8821
7 19 2180
7 20 4307
7 21 7166
7 22 5142
7 23 4513
7 24 3159
7 25 9155
7 26 9750
7 27 1593
7 28 2032
7 29 782
7 30 5003
7 31 5809
7 32 6431
7 33 2949
7 34 7058
7 35 6368
7 36 9504
7 37 3380
7 38 8129
7 39 821
7 40 6723
7 41 2264
7 42 5944
7 43 6202
7 44 741
7 45 7122
7 46 1607
7 47 3081
7 48 303
7 49 5747
7 50 6380
7 51 166
7 52 3541
7 53 3459
7 54 7100
7 55 3550
7 56 580
7 57 7709
7 58 5460
7 59 6747
7 60 2098
7 61 8610
7 62 616
7 63 4965
7 64 9512
7 65 8855
7 66 8582
7 67 5147
7 68 2232
7 69 836
7 70 9616
7 71 4561
7 72 5461
7 73 9751
7 74 2327
7 75 81
7 76 1879
7 77 6948
7 78 528
7 79 3850
7 80 6720
7 81 9252
7 82 3716
7 83 6631
7 84 2166
7 85 4697
7 86 6507
7 87 3078
7 88 2472
7 89 7222
7 90 7956
7 91 1532
7 92 1406
7 93 1284
7 94 1292
7 95 1638
7 96 8393
7 97 8247
7 98 5673
7 99 9792
7 100 333
7 101 1574
7 102 2412
7 103 2354
7 104 4515
7 105 3530
7 106 3366
7 107 394
7 108 4174
7 109 5307
7 110 1315
7 111 3876
7 112 9117
7 113 2704
7 114 7538
7 115 5737
7 116 6459
7 117 3058
7 118 9807
7 119 3021
8 9 2736
8 10 4675
8 11 3187
8 12 7331
8 13 8240
8 14 7731
8 15 1467
8 16 6264
8 17 8231
8 18 6789
8 19 7762
8 20 8013
8 21 338
8 22 582
8 23 6508
8 24 3858
8 25 6713
8 26 8172
8 27 8625
8 28 4122
8 29 5806
8 30 5071
8 31 2145
8 32 2386
8 33 7404
8 34 2351
8 35 5091
8 36 498
8 37 1110
8 38 9249
8 39 4880
8 40 2147
8 41 2366
8 42 8086
8 43 1949
8 44 8037
8 45 2437
8 46 3832
8 47 530
8 48 2263
8 49 6462
8 50 2776
8 51 5286
8 52 2410
8 53 1829
8 54 4292
8 55 6796
8 56 6660
8 57 4093
8 58 4288
8 59 8390
8 60 7930
8 61 6067
8 62 8085
8 63 3768
8 64 3781
8 65 6113
8 66 616
8 67 291
8 68 1810
8 69 5292
8 70 6081
8 71 5179
8 72 2910
8 73 735
8 74 5663
8 75 4729
8 76 2226
8 77 8025
8 78 5354
8 79 4139
8 80 7721
8 81 6069
8 82 6873
8 83 3632
8 84 547
8 85 882
8 86 5757
8 87 7764
8 88 2479
8 89 8499
8 90 1417
8 91 268
8 92 3580
8 93 9444
8 94 5242
8 95 2191
8 96 8052
8 97 9732
8 98 3356
8 99 7368
8 100 6997
8 101 4455
8 102 2814
8 103 1680
8 104 6241
8 105 255
8 106 4568
8 107 5912
8 108 4268
8 109 9798
8 110 8536
8 111 2585
8 112 6383
8 113 1936
8 114 7921
8 115 7925
8 116 4754
8 117 5027
8 118 2736
8 119 6123
9 10 1732
9 11 4501
9 12 8735
9 13 8891
9 14 9280
9 15 7857
9 16 5713
9 17 5440
9 18 5350
9 19 3120
9 20 6730
9 21 1533
9 22 3465
9 23 3842
9 24 8737
9 25 1764
9 26 174
9 27 9768
9 28 1999
9 29 8685
9 30 9072
9 31 5203
9 32 6219
9 33 8919
9 34 1064
9 35 8547
9 36 3491
9 37 5414
9 38 7151
9 39 3013
9 40 4968
9 41 5216
9 42 4116
9 43 7476
9 44 8249
9 45 6881
9 46 8254
9 47 8926
9 48 5050
9 49 4566
9 50 1357
9 51 3230
9 52 7817
9 53 3728
9 54 8447
9 55 18
9 56 3006
9 57 6570
9 58 1092
9 59 7209
9 60 4045
9 61 3935
9 62 9091
9 63 729
9 64 9062
9 65 425
9 66 946
9 67 1943
9 68 9266
9 69 2689
9 70 6612
9 71 7405
9 72 2896
9 73 7822
9 74 9729
9 75 7162
9 76 680
9 77 5064
9 78 7939
9 79 4562
9 80 1680
9 81 3606
9 82 3686
9 83 4107
9 84 9459
9 85 5267
9 86 953
9 87 7915
9 88 747
9 89 8143
9 90 8702
9 91 2536
9 92 695
9 93 6726
9 94 161
9 95 6495
9 96 4291
9 97 1958
9 98 4547
9 99 1100
9 100 9496
9 101 9438
9 102 5513
9 103 1527
9 104 2739
9 105 1084
9 106 6241
9 107 2949
9 108 4685
9 109 9047
9 110 9304
9 111 2373
9 112 2608
9 113 4267
9 114 9382
9 115 1052
9 116 4389
9 117 4941
9 118 4102
9 119 6333
10 11 8695
10 12 5765
10 13 1879
10 14 7204
10 15 9059
10 16 8507
10 17 2215
10 18 2966
10 19 4220
10 20 8084
10 21 1305
10 22 3164
10 23 235
10 24 8762
10 25 3970
10 26 8364
10 27 1831
10 28 1130
10 29 9041
10 30 9288
10 31 5091
10 32 4755
10 33 2547
10 34 4246
10 35 2215
10 36 6731
10 37 9454
10 38 8100
10 39 8831
10 40 5214
10 41 4903
10 42 5728
10 43 2965
10 44 722
10 45 6022
10 46 1288
10 47 9575
10 48 4093
10 49 5816
10 50 6872
10 51 8865
10 52 2325
10 53 325
10 54 2223
10 55 9593
10 56 5618
10 57 1340
10 58 4347
10 59 464
10 60 1846
10 61 8003
10 62 1194
10 63 5091
10 64 6688
10 65 1640
10 66 7484
10 67 932
10 68 3869
10 69 5691
10 70 5587
10 71 3740
10 72 3465
10 73 1445
10 74 4543
10 75 1028
10 76 8538
10 77 7205
10 78 6838
10 79 8388
10 80 6401
10 81 9388
10 82 5524
10 83 7805
10 84 2602
10 85 5701
10 86 4352
10 87 2689
10 88 1736
10 89 6392
10 90 5880
10 91 9349
10 92 7552
10 93 1968
10 94 6385
10 95 5736
10 96 6135
10 97 4456
10 98 5302
10 99 4895
10 100 3295
10 101 8192
10 102 8924
10 103 3933
10 104 3542
10 105 1717
10 106 4335
10 107 6375
10 108 3165
10 109 4655
10 110 4962
10 111 2656
10 112 5928
10 113 1571
10 114 9663
10 115 124
10 116 6566
10 117 8156
10 118 8699
10 119 2866
11 12 7006
11 13 8734
11 14 4176
11 15 1317
11 16 6972
11 17 2709
11 18 5029
11 19 5117
11 20 1282
11 21 3881
11 22 5023
11 23 3460
11 24 6683
11 25 5596
11 26 4906
11 27 435
11 28 7777
11 29 1218
11 30 1821
11 31 4130
11 32 9525
11 33 105
11 34 4443
11 35 8526
11 36 5364
11 37 8521
11 38 3327
11 39 5194
11 40 3495
11 41 5853
11 42 7766
11 43 1196
11 44 3127
11 45 288
11 46 7000
11 47 3071
11 48 9031
11 49 2667
11 50 9724
11 51 508
11 52 6439
11 53 8529
11 54 7555
11 55 3735
11 56 709
11 57 3614
11 58 9039
11 59 418
11 60 9500
11 61 2460
11 62 1764
11 63 6366
11 64 9664
11 65 4226
11 66 7952
11 67 6324
11 68 1559
11 69 1753
11 70 7285
11 71 2373
11 72 9424
11 73 6441
11 74 253
11 75 4399
11 76 7037
11 77 7743
11 78 57
11 79 6158
11 80 1436
11 81 6455
11 82 8610
11 83 6811
11 84 3755
11 85 3067
11 86 786
11 87 24
11 88 7812
11 89 4376
11 90 3624
11 91 7609
11 92 2419
11 93 3661
11 94 7788
11 95 9822
11 96 4217
11 97 4128
11 98 6786
11 99 5251
11 100 670
11 101 8649
11 102 7822
11 103 4224
11 104 2454
11 105 5234
11 106 4783
11 107 4043
11 108 8368
11 109 1756
11 110 4461
11 111 8816
11 112 1928
11 113 2957
11 114 8305
11 115 1208
11 116 8617
11 117 2214
11 118 4896
11 119 4214
12 13 4434
12 14 4393
12 15 6424
12 16 5641
12 17 4774
12 18 9268
12 19 2412
12 20 8327
12 21 4084
12 22 9007
12 23 5490
12 24 7153
12 25 6985
12 26 9158
12 27 1002
12 28 6870
12 29 7290
12 30 8699
12 31 6120
12 32 7845
12 33 2957
12 34 6415
12 35 9342
12 36 4592
12 37 4954
12 38 9080
12 39 5717
12 40 1436
12 41 5982
12 42 2596
12 43 6349
12 44 2420
12 45 1278
12 46 3102
12 47 4255
12 48 2128
12 49 5426
12 50 5104
12 51 8827
12 52 2235
12 53 6873
12 54 6601
12 55 8820
12 56 942
12 57 3910
12 58 5263
12 59 8846
12 60 1349
12 61 9294
12 62 5694
12 63 3588
12 64 1296
12 65 5968
12 66 558
12 67 6471
12 68 8772
12 69 8169
12 70 1732
12 71 8612
12 72 7536
12 73 6973
12 74 7858
12 75 1109
12 76 8850
12 77 9308
12 78 6483
12 79 2621
12 80 4795
12 81 443
12 82 6723
12 83 3787
12 84 2433
12 85 8224
12 86 1167
12 87 3869
12 88 3997
12 89 5018
12 90 6507
12 91 2216
12 92 7976
12 93 4155
12 94 4100
12 95 7158
12 96 6028
12 97 3431
12 98 9044
12 99 6285
12 100 6174
12 101 6848
12 102 3050
12 103 1558
12 104 1530
12 105 2366
12 106 1639
12 107 3727
12 108 186
12 109 885
12 110 5945
12 111 369
12 112 833
12 113 9746
12 114 8709
12 115 6879
12 116 3107
12 117 9653
12 118 1007
12 119 3068
13 14 6523
13 15 2303
13 16 9342
13 17 4288
13 18 4336
13 19 991
13 20 4964
13 21 8686
13 22 7083
13 23 1261
13 24 7909
13 25 6254
13 26 8353
13 27 939
13 28 7933
13 29 2849
13 30 8939
13 31 3690
13 32 4878
13 33 2302
13 34 9594
13 35 4229
13 36 6014
13 37 6111
13 38 7807
13 39 6947
13 40 9258
13 41 997
13 42 1761
13 43 8005
13 44 9679
13 45 7299
13 46 6261
13 47 9038
13 48 8538
13 49 3006
13 50 5289
13 51 4260
13 52 4028
13 53 4678
13 54 5389
13 55 2592
13 56 2314
13 57 3742
13 58 4852
13 59 6715
13 60 1979
13 61 5319
13 62 3541
13 63 9154
13 64 5859
13 65 4018
13 66 4405
13 67 7630
13 68 3691
13 69 5961
13 70 3006
13 71 3857
13 72 565
13 73 990
13 74 3190
13 75 6118
13 76 3188
13 77 6962
13 78 8790
13 79 8154
13 80 6076
13 81 8833
13 82 381
13 83 1345
13 84 1000
13 85 3837
13 86 6972
13 87 4119
13 88 8501
13 89 8047
13 90 1018
13 91 8183
13 92 7800
13 93 2142
13 94 4894
13 95 2319
13 96 7230
13 97 6034
13 98 9253
13 99 343
13 100 2024
13 101 9408
13 102 3221
13 103 4474
13 104 9432
13 105 4718
13 106 7347
13 107 7544
13 108 8322
13 109 3844
13 110 7625
13 111 212
13 112 881
13 113 299
13 114 1978
13 115 2566
13 116 458
13 117 3353
13 118 9928
13 119 1594
14 15 1212
14 16 3713
14 17 4947
14 18 6209
14 19 5132
14 20 7704
14 21 3804
14 22 8359
14 23 9657
14 24 8690
14 25 8913
14 26 5668
14 27 826
14 28 1995
14 29 1939
14 30 2381
14 31 1895
14 32 3119
14 33 7632
14 34 3122
14 35 8030
14 36 2795
14 37 2000
14 38 2406
14 39 9772
14 40 1121
14 41 2071
14 42 7411
14 43 463
14 44 5095
14 45 6228
14 46 6694
14 47 1654
14 48 6086
14 49 8124
14 50 6838
14 51 3910
14 52 7247
14 53 4228
14 54 457
14 55 994
14 56 4876
14 57 7609
14 58 7162
14 59 203
14 60 3578
14 61 870
14 62 208
14 63 7021
14 64 9659
14 65 3301
14 66 9142
14 67 9890
14 68 5257
14 69 9724
14 70 6672
14 71 3049
14 72 1686
14 73 3739
14 74 6628
14 75 6001
14 76 4007
14 77 3407
14 78 6965
14 79 2289
14 80 4540
14 81 9144
14 82 4194
14 83 2735
14 84 3045
14 85 3078
14 86 6226
14 87 8788
14 88 1730
14 89 7709
14 90 7058
14 91 598
14 92 4351
14 93 5739
14 94 5419
14 95 2412
14 96 974
14 97 2834
14 98 7483
14 99 1389
14 100 7299
14 101 378
14 102 1714
14 103 4165
14 104 2372
14 105 7044
14 106 5931
14 107 3033
14 108 5255
14 109 4249
14 110 7886
14 111 816
14 112 967
14 113 6650
14 114 4510
14 115 3460
14 116 8490
14 117 8122
14 118 7256
14 119 2924
15 16 1112
15 17 3051
15 18 3559
15 19 4942
15 20 3414
15 21 6142
15 22 4621
15 23 9004
15 24 8961
15 25 1399
15 26 1573
15 27 1700
15 28 1687
15 29 5127
15 30 1788
15 31 4206
15 32 3726
15 33 4243
15 34 7620
15 35 9701
15 36 6839
15 37 4505
15 38 4446
15 39 3199
15 40 2441
15 41 9393
15 42 4906
15 43 2410
15 44 1310
15 45 8620
15 46 8586
15 47 9973
15 48 6542
15 49 8425
15 50 8196
15 51 6825
15 52 4539
15 53 6521
15 54 930
15 55 5457
15 56 5612
15 57 7049
15 58 3070
15 59 1477
15 60 7176
15 61 7455
15 62 292
15 63 1121
15 64 7384
15 65 9196
15 66 8470
15 67 8942
15 68 5202
15 69 7562
15 70 6627
15 71 3054
15 72 7016
15 73 6061
15 74 4108
15 75 1655
15 76 4639
15 77 3052
15 78 97
15 79 5930
15 80 8463
15 81 4298
15 82 5970
15 83 9696
15 84 7049
15 85 9292
15 86 2916
15 87 4497
15 88 6213
15 89 4317
15 90 5375
15 91 5322
15 92 5083
15 93 141
15 94 1868
15 95 8854
15 96 2977
15 97 3580
15 98 803
15 99 1246
15 100 859
15 101 723
15 102 7047
15 103 829
15 104 9700
15 105 1708
15 106 4138
15 107 8594
15 108 3615
15 109 9809
15 110 3232
15 111 6150
15 112 6560
15 113 4347
15 114 5930
15 115 7368
15 116 7721
15 117 1119
15 118 4570
15 119 2224
16 17 3763
16 18 3059
16 19 5794
16 20 6889
16 21 375
16 22 338
16 23 2568
16 24 5247
16 25 9274
16 26 504
16 27 7316
16 28 2838
16 29 5959
16 30 5151
16 31 7484
16 32 2377
16 33 908
16 34 9784
16 35 4470
16 36 9150
16 37 2243
16 38 4909
16 39 4680
16 40 8608
16 41 2169
16 42 3968
16 43 1203
16 44 7705
16 45 4684
16 46 381
16 47 1236
16 48 7632
16 49 1378
16 50 6973
16 51 3089
16 52 8795
16 53 3763
16 54 1326
16 55 4455
16 56 3339
16 57 9355
16 58 8196
16 59 4572
16 60 294
16 61 8489
16 62 5320
16 63 2227
16 64 7800
16 65 8673
16 66 964
16 67 4530
16 68 182
16 69 1879
16 70 5105
16 71 3333
16 72 9447
16 73 7217
16 74 3463
16 75 4645
16 76 3742
16 77 1
16 78 3118
16 79 8820
16 80 190
16 81 1619
16 82 9492
16 83 9360
16 84 8476
16 85 586
16 86 224
16 87 9774
16 88 2936
16 89 9412
16 90 7164
16 91 5332
16 92 5606
16 93 888
16 94 3505
16 95 1269
16 96 9922
16 97 5124
16 98 1551
16 99 7689
16 100 5636
16 101 626
16 102 9484
16 103 2275
16 104 5715
16 105 2282
16 106 581
16 107 2620
16 108 4954
16 109 9218
16 110 4497
16 111 3396
16 112 694
16 113 7554
16 114 1609
16 115 7957
16 116 2259
16 117 4035
16 118 9928
16 119 7718
17 18 6580
17 19 4013
17 20 698
17 21 7
17 22 4285
17 23 4637
17 24 3000
17 25 4071
17 26 5608
17 27 407
17 28 7272
17 29 3975
17 30 3166
17 31 807
17 32 552
17 33 6803
17 34 2326
17 35 806
17 36 1630
17 37 1745
17 38 998
17 39 1058
17 40 2917
17 41 6124
17 42 7441
17 43 9596
17 44 2500
17 45 6668
17 46 5701
17 47 5665
17 48 9013
17 49 2201
17 50 9358
17 51 5925
17 52 9793
17 53 1130
17 54 43
17 55 8857
17 56 154
17 57 5796
17 58 377
17 59 7254
17 60 7748
17 61 2940
17 62 7515
17 63 6293
17 64 8124
17 65 8570
17 66 5087
17 67 6498
17 68 8020
17 69 2789
17 70 5927
17 71 6860
17 72 2146
17 73 4284
17 74 6179
17 75 4576
17 76 5098
17 77 4974
17 78 8539
17 79 3304
17 80 4443
17 81 9683
17 82 2987
17 83 9597
17 84 4072
17 85 3066
17 86 9702
17 87 4597
17 88 4038
17 89 6704
17 90 2184
17 91 7823
17 92 1024
17 93 543
17 94 5339
17 95 908
17 96 9898
17 97 9206
17 98 9344
17 99 8247
17 100 2170
17 101 7158
17 102 6927
17 103 9534
17 104 6022
17 105 3529
17 106 5222
17 107 6606
17 108 274
17 109 3613
17 110 6777
17 111 9845
17 112 6512
17 113 762
17 114 6433
17 115 9744
17 116 6759
17 117 9667
17 118 9764
17 119 2910
18 19 958
18 20 1943
18 21 6860
18 22 7344
18 23 2708
18 24 5844
18 25 7154
18 26 1683
18 27 9819
18 28 2628
18 29 7293
18 30 7936
18 31 6440
18 32 810
18 33 3816
18 34 1302
18 35 97
18 36 2946
18 37 5065
18 38 7036
18 39 966
18 40 4022
18 41 5070
18 42 6240
18 43 2835
18 44 2115
18 45 2351
18 46 3062
18 47 7414
18 48 4290
18 49 4814
18 50 9966
18 51 9012
18 52 6262
18 53 2283
18 54 4858
18 55 422
18 56 2519
18 57 6528
18 58 9817
18 59 7541
18 60 1023
18 61 355
18 62 8373
18 63 9510
18 64 7021
18 65 289
18 66 5878
18 67 236
18 68 9320
18 69 7631
18 70 2763
18 71 1637
18 72 7112
18 73 8341
18 74 1071
18 75 1742
18 76 5457
18 77 2732
18 78 6172
18 79 2573
18 80 6293
18 81 4034
18 82 2511
18 83 2575
18 84 5793
18 85 587
18 86 6150
18 87 1174
18 88 7539
18 89 135
18 90 6974
18 91 3086
18 92 6097
18 93 1908
18 94 5862
18 95 4858
18 96 1864
18 97 3292
18 98 7069
18 99 6396
18 100 6256
18 101 8447
18 102 9277
18 103 2415
18 104 9298
18 105 2592
18 106 3190
18 107 4795
18 108 3993
18 109 4414
18 110 5258
18 111 1161
18 112 1757
18 113 8011
18 114 4280
18 115 1324
18 116 9123
18 117 7840
18 118 7575
18 119 8051
19 20 5996
19 21 8310
19 22 1287
19 23 4749
19 24 1680
19 25 901
19 26 4664
19 27 1200
19 28 6327
19 29 244
19 30 2480
19 31 2982
19 32 1418
19 33 3055
19 34 7610
19 35 9130
19 36 1333
19 37 4035
19 38 4427
19 39 6665
19 40 7134
19 41 7980
19 42 8817
19 43 6268
19 44 511
19 45 5058
19 46 3019
19 47 9837
19 48 9898
19 49 9873
19 50 6625
19 51 6261
19 52 5214
19 53 3555
19 54 3939
19 55 2458
19 56 9055
19 57 3675
19 58 8713
19 59 8698
19 60 6400
19 61 8804
19 62 3820
19 63 9620
19 64 7139
19 65 6943
19 66 337
19 67 6615
19 68 4403
19 69 5795
19 70 9159
19 71 5319
19 72 6087
19 73 2479
19 74 5412
19 75 8869
19 76 7550
19 77 3775
19 78 5441
19 79 6250
19 80 8209
19 81 5485
19 82 643
19 83 5311
19 84 9695
19 85 8864
19 86 6406
19 87 2812
19 88 7187
19 89 3242
19 90 4425
19 91 8400
19 92 5791
19 93 8150
19 94 2782
19 95 8883
19 96 4549
19 97 1649
19 98 8184
19 99 9250
19 100 1407
19 101 1585
19 102 1570
19 103 5384
19 104 4648
19 105 718
19 106 2439
19 107 6159
19 108 1422
19 109 7941
19 110 4377
19 111 2251
19 112 5289
19 113 2467
19 114 71
19 115 9376
19 116 2364
19 117 4616
19 118 9646
19 119 2933
20 21 3184
20 22 4324
20 23 7914
20 24 3257
20 25 8567
20 26 6158
20 27 4547
20 28 9453
20 29 5468
20 30 6144
20 31 8444
20 32 9278
20 33 8815
20 34 1002
20 35 9063
20 36 9177
20 37 4062
20 38 7078
20 39 5269
20 40 1645
20 41 4317
20 42 5370
20 43 7042
20 44 3366
20 45 8505
20 46 9835
20 47 9966
20 48 9233
20 49 4703
20 50 9021
20 51 4299
20 52 4757
20 53 9236
20 54 8912
20 55 5367
20 56 9823
20 57 3443
20 58 9006
20 59 4514
20 60 6264
20 61 6828
20 62 6420
20 63 2561
20 64 7544
20 65 5763
20 66 5355
20 67 1659
20 68 5151
20 69 1466
20 70 6434
20 71 7232
20 72 9296
20 73 1294
20 74 4547
20 75 1618
20 76 4008
20 77 8017
20 78 4718
20 79 5067
20 80 4544
20 81 5061
20 82 3160
20 83 226
20 84 6146
20 85 4608
20 86 4786
20 87 4048
20 88 1918
20 89 381
20 90 9853
20 91 5777
20 92 8108
20 93 3841
20 94 5936
20 95 1637
20 96 8515
20 97 9769
20 98 2681
20 99 5562
20 100 7421
20 101 2802
20 102 6615
20 103 7567
20 104 6574
20 105 1193
20 106 8131
20 107 6332
20 108 7063
20 109 323
20 110 270
20 111 4544
20 112 6570
20 113 4852
20 114 8966
20 115 2318
20 116 930
20 117 7998
20 118 7290
20 119 4958
21 22 4502
21 23 346
21 24 2229
21 25 4962
21 26 6217
21 27 6822
21 28 7697
21 29 9526
21 30 4820
21 31 8476
21 32 5926
21 33 377
21 34 4849
21 35 2858
21 36 5457
21 37 9046
21 38 6651
21 39 625
21 40 8898
21 41 4012
21 42 4380
21 43 479
21 44 9520
21 45 3294
21 46 2782
21 47 2523
21 48 9200
21 49 6799
21 50 372
21 51 8738
21 52 4157
21 53 7324
21 54 2604
21 55 5505
21 56 5647
21 57 1015
21 58 1820
21 59 1538
21 60 1725
21 61 3671
21 62 2562
21 63 8976
21 64 116
21 65 6851
21 66 9384
21 67 5925
21 68 8210
21 69 1208
21 70 9260
21 71 2490
21 72 875
21 73 9400
21 74 5668
21 75 2344
21 76 2822
21 77 2481
21 78 9141
21 79 5835
21 80 1811
21 81 2704
21 82 1555
21 83 5726
21 84 4491
21 85 43
21 86 9015
21 87 7176
21 88 8568
21 89 6926
21 90 9566
21 91 5109
21 92 5937
21 93 7150
21 94 5945
21 95 3033
21 96 6916
21 97 2513
21 98 6177
21 99 9689
21 100 767
21 101 9727
21 102 1987
21 103 2856
21 104 7270
21 105 8452
21 106 5942
21 107 9068
21 108 8514
21 109 3871
21 110 3984
21 111 9880
21 112 3708
21 113 8032
21 114 7648
21 115 7815
21 116 8447
21 117 8259
21 118 7445
21 119 2464
22 23 6142
22 24 2640
22 25 980
22 26 2919
22 27 2302
22 28 3214
22 29 9126
22 30 1734
22 31 8546
22 32 7784
22 33 1568
22 34 7668
22 35 3844
22 36 8836
22 37 7871
22 38 3226
22 39 4118
22 40 2267
22 41 563
22 42 7837
22 43 5121
22 44 6120
22 45 8062
22 46 100
22 47 6730
22 48 4158
22 49 7533
22 50 3686
22 51 3329
22 52 1062
22 53 401
22 54 6726
22 55 3676
22 56 1095
22 57 7007
22 58 1503
22 59 1856
22 60 8964
22 61 9165
22 62 2633
22 63 3781
22 64 6424
22 65 5418
22 66 4109
22 67 1208
22 68 1568
22 69 1908
22 70 9260
22 71 3499
22 72 838
22 73 3709
22 74 4969
22 75 3070
22 76 3090
22 77 6676
22 78 9618
22 79 7632
22 80 9232
22 81 1981
22 82 4491
22 83 9939
22 84 3789
22 85 5195
22 86 6450
22 87 8669
22 88 3959
22 89 7972
22 90 6818
22 91 235
22 92 2341
22 93 999
22 94 1378
22 95 7075
22 96 8923
22 97 2150
22 98 9267
22 99 2117
22 100 4127
22 101 3254
22 102 5069
22 103 9970
22 104 4785
22 105 2901
22 106 6600
22 107 4859
22 108 3663
22 109 5013
22 110 7253
22 111 8869
22 112 6293
22 113 9734
22 114 4948
22 115 6744
22 116 9768
22 117 7251
22 118 4213
22 119 5411
23 24 9103
23 25 4711
23 26 2811
23 27 8467
23 28 2919
23 29 6905
23 30 4026
23 31 8635
23 32 7854
23 33 1567
23 34 9858
23 35 999
23 36 1740
23 37 5517
23 38 9721
23 39 8686
23 40 9835
23 41 4145
23 42 7318
23 43 936
23 44 3892
23 45 9975
23 46 1217
23 47 6419
23 48 1616
23 49 7361
23 50 8699
23 51 6783
23 52 9896
23 53 6220
23 54 4411
23 55 3441
23 56 1147
23 57 1487
23 58 7899
23 59 9261
23 60 1849
23 61 4633
23 62 2093
23 63 3556
23 64 5423
23 65 8922
23 66 3676
23 67 9991
23 68 5977
23 69 4166
23 70 2077
23 71 5799
23 72 5643
23 73 2235
23 74 3995
23 75 4591
23 76 593
23 77 8314
23 78 7232
23 79 7886
23 80 9137
23 81 4439
23 82 795
23 83 6414
23 84 1316
23 85 1140
23 86 1732
23 87 8435
23 88 691
23 89 2398
23 90 6514
23 91 8861
23 92 7147
23 93 4869
23 94 4738
23 95 6850
23 96 3324
23 97 8316
23 98 684
23 99 5908
23 100 1352
23 101 1186
23 102 5438
23 103 2538
23 104 3590
23 105 2431
23 106 2561
23 107 9730
23 108 882
23 109 8870
23 110 4619
23 111 1604
23 112 6038
23 113 9403
23 114 9840
23 115 4714
23 116 2189
23 117 7401
23 118 5998
23 119 2150
24 25 6464
24 26 5774
24 27 5481
24 28 5382
24 29 1980
24 30 1868
24 31 2799
24 32 7461
24 33 2315
24 34 5994
24 35 5955
24 36 4234
24 37 4092
24 38 5876
24 39 6457
24 40 2262
24 41 8463
24 42 7157
24 43 5550
24 44 4651
24 45 8763
24 46 4210
24 47 8045
24 48 3156
24 49 7221
24 50 7061
24 51 864
24 52 2386
24 53 6152
24 54 6812
24 55 3245
24 56 9984
24 57 525
24 58 5697
24 59 1628
24 60 3419
24 61 8227
24 62 3362
24 63 6214
24 64 7072
24 65 5807
24 66 8682
24 67 1172
24 68 1800
24 69 7326
24 70 795
24 71 5319
24 72 248
24 73 2434
24 74 1574
24 75 2694
24 76 5359
24 77 8164
24 78 2425
24 79 149
24 80 6175
24 81 1343
24 82 5637
24 83 1770
24 84 609
24 85 9519
24 86 4366
24 87 6126
24 88 5793
24 89 3022
24 90 1219
24 91 3034
24 92 7721
24 93 7271
24 94 6144
24 95 4852
24 96 1506
24 97 8771
24 98 1266
24 99 4114
24 100 9101
24 101 2481
24 102 2849
24 103 1332
24 104 9029
24 105 1981
24 106 9039
24 107 367
24 108 463
24 109 8109
24 110 2795
24 111 8737
24 112 6544
24 113 4943
24 114 2219
24 115 23
24 116 1659
24 117 3705
24 118 3828
24 119 2606
25 26 8412
25 27 3631
25 28 9910
25 29 1730
25 30 2075
25 31 8535
25 32 6281
25 33 9490
25 34 3249
25 35 5249
25 36 4359
25 37 2033
25 38 5351
25 39 7886
25 40 3252
25 41 5326
25 42 4049
25 43 5259
25 44 4561
25 45 3224
25 46 3937
25 47 963
25 48 1085
25 49 9995
25 50 6953
25 51 9894
25 52 5639
25 53 9977
25 54 2022
25 55 2289
25 56 8622
25 57 5442
25 58 1347
25 59 494
25 60 660
25 61 1159
25 62 9999
25 63 1579
25 64 7675
25 65 4330
25 66 579
25 67 7326
25 68 6243
25 69 528
25 70 1061
25 71 6066
25 72 6502
25 73 9194
25 74 4984
25 75 7801
25 76 4738
25 77 643
25 78 5900
25 79 7354
25 80 5093
25 81 2097
25 82 498
25 83 5167
25 84 3091
25 85 140
25 86 5999
25 87 1115
25 88 5988
25 89 1179
25 90 8321
25 91 7461
25 92 1354
25 93 8573
25 94 8846
25 95 7250
25 96 2179
25 97 3050
25 98 8045
25 99 8297
25 100 7509
25 101 7577
25 102 884
25 103 457
25 104 384
25 105 4642
25 106 7337
25 107 4378
25 108 377
25 109 5513
25 110 7964
25 111 5847
25 112 1805
25 113 9486
25 114 1828
25 115 2976
25 116 2454
25 117 9281
25 118 6543
25 119 7007
26 27 3436
26 28 2849
26 29 3742
26 30 2351
26 31 1190
26 32 724
26 33 5626
26 34 2026
26 35 8038
26 36 1274
26 37 5099
26 38 4319
26 39 7401
26 40 4518
26 41 9134
26 42 3399
26 43 8163
26 44 5893
26 45 3411
26 46 1236
26 47 7088
26 48 5631
26 49 6565
26 50 1176
26 51 2864
26 52 3251
26 53 8682
26 54 8291
26 55 7422
26 56 1778
26 57 599
26 58 2820
26 59 193
26 60 9534
26 61 8047
26 62 6127
26 63 2292
26 64 6479
26 65 5094
26 66 7271
26 67 698
26 68 6896
26 69 6697
26 70 3276
26 71 5126
26 72 9848
26 73 2556
26 74 8455
26 75 7656
26 76 2935
26 77 917
26 78 9057
26 79 8925
26 80 4044
26 81 9072
26 82 4197
26 83 3531
26 84 897
26 85 588
26 86 4051
26 87 7324
26 88 1992
26 89 6013
26 90 6660
26 91 2368
26 92 4131
26 93 7403
26 94 4730
26 95 8710
26 96 6978
26 97 8985
26 98 9615
26 99 8105
26 100 4498
26 101 7179
26 102 5918
26 103 4484
26 104 4144
26 105 1431
26 106 3421
26 107 7275
26 108 7768
26 109 397
26 110 9120
26 111 5740
26 112 5874
26 113 7275
26 114 2648
26 115 9354
26 116 3527
26 117 1256
26 118 1480
26 119 6332
27 28 9621
27 29 6544
27 30 1686
27 31 5186
27 32 182
27 33 414
27 34 6247
27 35 7742
27 36 5223
27 37 9947
27 38 6805
27 39 8354
27 40 5898
27 41 7827
27 42 6156
27 43 462
27 44 3840
27 45 3881
27 46 6150
27 47 1466
27 48 1293
27 49 8206
27 50 6762
27 51 2621
27 52 868
27 53 4452
27 54 3563
27 55 4586
27 56 9206
27 57 5514
27 58 4959
27 59 5030
27 60 6479
27 61 6379
27 62 2233
27 63 2372
27 64 1620
27 65 2179
27 66 1861
27 67 60
27 68 7653
27 69 6068
27 70 411
27 71 4875
27 72 3343
27 73 1023
27 74 249
27 75 6485
27 76 812
27 77 3120
27 78 2983
27 79 2345
27 80 2317
27 81 8129
27 82 2318
27 83 5437
27 84 639
27 85 2541
27 86 5118
27 87 722
27 88 3133
27 89 7431
27 90 8379
27 91 4182
27 92 8977
27 93 1958
27 94 5561
27 95 8647
27 96 6609
27 97 9625
27 98 9328
27 99 8699
27 100 842
27 101 4506
27 102 7102
27 103 3790
27 104 7633
27 105 9369
27 106 2816
27 107 9274
27 108 442
27 109 8378
27 110 5667
27 111 1001
27 112 3844
27 113 5745
27 114 4302
27 115 2811
27 116 3403
27 117 3908
27 118 8872
27 119 804
28 29 2048
28 30 274
28 31 8965
28 32 350
28 33 2698
28 34 5773
28 35 5121
28 36 8668
28 37 798
28 38 4260
28 39 7497
28 40 999
28 41 2623
28 42 9296
28 43 2709
28 44 722
28 45 7097
28 46 8768
28 47 1136
28 48 8782
28 49 3641
28 50 8292
28 51 386
28 52 8998
28 53 4674
28 54 1582
28 55 7536
28 56 6082
28 57 5005
28 58 4732
28 59 7332
28 60 1996
28 61 265
28 62 8290
28 63 4711
28 64 2760
28 65 5208
28 66 7556
28 67 6672
28 68 3659
28 69 2466
28 70 3159
28 71 1678
28 72 2187
28 73 393
28 74 9710
28 75 1469
28 76 8693
28 77 625
28 78 348
28 79 1649
28 80 9266
28 81 5451
28 82 5514
28 83 9381
28 84 5876
28 85 9789
28 86 7888
28 87 8507
28 88 4280
28 89 600
28 90 384
28 91 4862
28 92 2912
28 93 1030
28 94 4833
28 95 1147
28 96 7825
28 97 7822
28 98 5066
28 99 4807
28 100 6571
28 101 6704
28 102 3006
28 103 7807
28 104 6138
28 105 5178
28 106 1667
28 107 2058
28 108 66
28 109 4607
28 110 1467
28 111 3033
28 112 9091
28 113 7807
28 114 3464
28 115 8654
28 116 4854
28 117 9781
28 118 9434
28 119 7301
29 30 3150
29 31 3189
29 32 1834
29 33 3980
29 34 9704
29 35 1232
29 36 8316
29 37 6641
29 38 8960
29 39 3752
29 40 5483
29 41 5704
29 42 1047
29 43 5014
29 44 6900
29 45 2711
29 46 4128
29 47 4906
29 48 153
29 49 397
29 50 8984
29 51 113
29 52 3844
29 53 3607
29 54 3751
29 55 5763
29 56 2458
29 57 8314
29 58 4522
29 59 7129
29 60 6203
29 61 1619
29 62 1552
29 63 1545
29 64 2301
29 65 5849
29 66 3687
29 67 9490
29 68 690
29 69 6455
29 70 7582
29 71 9458
29 72 4980
29 73 6497
29 74 8917
29 75 4548
29 76 1520
29 77 736
29 78 955
29 79 1526
29 80 581
29 81 8242
29 82 4624
29 83 4353
29 84 6557
29 85 7317
29 86 4095
29 87 347
29 88 4116
29 89 1073
29 90 9826
29 91 8057
29 92 9864
29 93 6102
29 94 8843
29 95 3766
29 96 5760
29 97 2303
29 98 5164
29 99 2381
29 100 1932
29 101 4117
29 102 8353
29 103 8725
29 104 4571
29 105 5821
29 106 2027
29 107 1904
29 108 1367
29 109 1534
29 110 3749
29 111 1737
29 112 5608
29 113 7929
29 114 1992
29 115 1389
29 116 9283
29 117 8548
29 118 6958
29 119 6316
30 31 9210
30 32 515
30 33 3656
30 34 2543
30 35 9047
30 36 4436
30 37 9873
30 38 3125
30 39 8462
30 40 6107
30 41 556
30 42 631
30 43 2000
30 44 7018
30 45 3773
30 46 1548
30 47 7468
30 48 1008
30 49 5993
30 50 4789
30 51 6330
30 52 4231
30 53 4001
30 54 7169
30 55 3231
30 56 8958
30 57 3011
30 58 1938
30 59 8022
30 60 713
30 61 1595
30 62 9979
30 63 4395
30 64 4804
30 65 4440
30 66 565
30 67 1650
30 68 6939
30 69 6288
30 70 3006
30 71 2836
30 72 5794
30 73 5472
30 74 4643
30 75 6526
30 76 2408
30 77 5251
30 78 6455
30 79 9696
30 80 6656
30 81 7695
30 82 8051
30 83 9925
30 84 3393
30 85 4396
30 86 8152
30 87 4077
30 88 7668
30 89 3784
30 90 6652
30 91 2985
30 92 7720
30 93 6660
30 94 7067
30 95 3628
30 96 576
30 97 7843
30 98 1446
30 99 7182
30 100 3711
30 101 4523
30 102 7086
30 103 2857
30 104 8047
30 105 2571
30 106 9343
30 107 3297
30 108 1461
30 109 1009
30 110 2131
30 111 481
30 112 2001
30 113 7922
30 114 8505
30 115 5129
30 116 5541
30 117 6279
30 118 6712
30 119 9577
31 32 5705
31 33 9720
31 34 1067
31 35 4689
31 36 7588
31 37 9624
31 38 6272
31 39 953
31 40 1371
31 41 2008
31 42 7734
31 43 8316
31 44 1339
31 45 9891
31 46 5748
31 47 3373
31 48 714
31 49 2696
31 50 3143
31 51 1433
31 52 3360
31 53 8621
31 54 9338
31 55 6231
31 56 8403
31 57 3922
31 58 8506
31 59 9985
31 60 6771
31 61 2518
31 62 7075
31 63 3390
31 64 635
31 65 4974
31 66 9770
31 67 6604
31 68 8362
31 69 3994
31 70 2929
31 71 9135
31 72 1442
31 73 4982
31 74 2598
31 75 4460
31 76 143
31 77 4840
31 78 1129
31 79 3673
31 80 6523
31 81 3325
31 82 5023
31 83 5020
31 84 4698
31 85 6198
31 86 7933
31 87 7819
31 88 3932
31 89 5317
31 90 8381
31 91 6836
31 92 6817
31 93 8056
31 94 8857
31 95 7492
31 96 3797
31 97 337
31 98 3501
31 99 5446
31 100 8023
31 101 9124
31 102 8568
31 103 2081
31 104 5814
31 105 7896
31 106 4063
31 107 7717
31 108 6451
31 109 3597
31 110 6849
31 111 1050
31 112 9683
31 113 2943
31 114 9652
31 115 7675
31 116 8635
31 117 9864
31 118 2667
31 119 8928
32 33 7983
32 34 4871
32 35 9184
32 36 3679
32 37 4542
32 38 4826
32 39 1601
32 40 5623
32 41 6938
32 42 9023
32 43 3105
32 44 7063
32 45 9921
32 46 8133
32 47 6028
32 48 4690
32 49 9836
32 50 7968
32 51 3465
32 52 634
32 53 7031
32 54 5910
32 55 6739
32 56 5349
32 57 9631
32 58 6673
32 59 182
32 60 8882
32 61 402
32 62 5662
32 63 3217
32 64 1316
32 65 1948
32 66 7176
32 67 3668
32 68 6268
32 69 337
32 70 4197
32 71 8227
32 72 7435
32 73 8272
32 74 408
32 75 6166
32 76 9060
32 77 8939
32 78 2754
32 79 442
32 80 5386
32 81 7387
32 82 6916
32 83 6610
32 84 390
32 85 5760
32 86 7372
32 87 570
32 88 3067
32 89 4118
32 90 627
32 91 7047
32 92 6514
32 93 6023
32 94 4446
32 95 4553
32 96 4973
32 97 2511
32 98 8916
32 99 9955
32 100 8310
32 101 3782
32 102 1092
32 103 124
32 104 7498
32 105 4090
32 106 5045
32 107 4599
32 108 3910
32 109 8826
32 110 8591
32 111 4867
32 112 6262
32 113 5187
32 114 5785
32 115 9497
32 116 1165
32 117 6604
32 118 9768
32 119 239
33 34 521
33 35 833
33 36 9402
33 37 7246
33 38 7331
33 39 5451
33 40 8881
33 41 4642
33 42 7244
33 43 9337
33 44 1804
33 45 8831
33 46 9174
33 47 2468
33 48 1551
33 49 4005
33 50 2826
33 51 6485
33 52 171
33 53 3799
33 54 6217
33 55 1100
33 56 8443
33 57 1750
33 58 5595
33 59 876
33 60 5104
33 61 8697
33 62 1394
33 63 9356
33 64 8085
33 65 2832
33 66 3978
33 67 8213
33 68 5744
33 69 9558
33 70 5899
33 71 134
33 72 4115
33 73 2599
33 74 6237
33 75 7325
33 76 3241
33 77 9147
33 78 6268
33 79 6126
33 80 119
33 81 601
33 82 9424
33 83 7558
33 84 8336
33 85 8164
33 86 4701
33 87 9185
33 88 6605
33 89 1232
33 90 1393
33 91 6566
33 92 7876
33 93 3578
33 94 6269
33 95 3899
33 96 3798
33 97 9374
33 98 3328
33 99 241
33 100 6430
33 101 4272
33 102 7088
33 103 8056
33 104 9027
33 105 8319
33 106 9902
33 107 467
33 108 805
33 109 5109
33 110 3912
33 111 2959
33 112 1729
33 113 8400
33 114 127
33 115 7471
33 116 6592
33 117 8306
33 118 4723
33 119 1049
34 35 4309
34 36 8310
34 37 4182
34 38 9984
34 39 2650
34 40 2660
34 41 4525
34 42 4989
34 43 2629
34 44 8682
34 45 7793
34 46 6154
34 47 8493
34 48 3127
34 49 4486
34 50 6722
34 51 2397
34 52 9952
34 53 9278
34 54 6900
34 55 2807
34 56 7855
34 57 3944
34 58 2936
34 59 7666
34 60 4699
34 61 832
34 62 6086
34 63 7540
34 64 3127
34 65 1030
34 66 6292
34 67 4533
34 68 1258
34 69 8090
34 70 7821
34 71 4329
34 72 7895
34 73 1842
34 74 8010
34 75 5730
34 76 8059
34 77 6599
34 78 6298
34 79 2466
34 80 2841
34 81 1766
34 82 5448
34 83 9049
34 84 1469
34 85 3963
34 86 2121
34 87 4624
34 88 1413
34 89 3762
34 90 9031
34 91 4138
34 92 3018
34 93 5637
34 94 5024
34 95 1866
34 96 5847
34 97 366
34 98 7992
34 99 4054
34 100 553
34 101 6940
34 102 6943
34 103 7162
34 104 2966
34 105 1893
34 106 8329
34 107 4390
34 108 5718
34 109 9117
34 110 4353
34 111 9689
34 112 5267
34 113 1574
34 114 8451
34 115 9992
34 116 6010
34 117 5138
34 118 5050
34 119 7720
35 36 5990
35 37 9213
35 38 101
35 39 8884
35 40 7696
35 41 7209
35 42 5136
35 43 993
35 44 6391
35 45 8482
35 46 4951
35 47 475
35 48 7793
35 49 7278
35 50 4305
35 51 5972
35 52 6822
35 53 2299
35 54 6180
35 55 5345
35 56 5570
35 57 2160
35 58 9309
35 59 678
35 60 2094
35 61 6167
35 62 7313
35 63 6262
35 64 5926
35 65 216
35 66 3655
35 67 8232
35 68 4021
35 69 1336
35 70 1090
35 71 4957
35 72 6250
35 73 7746
35 74 9514
35 75 7906
35 76 3444
35 77 7020
35 78 561
35 79 3577
35 80 9539
35 81 6264
35 82 3645
35 83 2708
35 84 3138
35 85 3741
35 86 1572
35 87 3973
35 88 3446
35 89 5986
35 90 1397
35 91 5376
35 92 8240
35 93 2069
35 94 518
35 95 7171
35 96 9977
35 97 4762
35 98 3258
35 99 5513
35 100 8356
35 101 9995
35 102 6485
35 103 2912
35 104 4913
35 105 9243
35 106 6924
35 107 3398
35 108 3368
35 109 126
35 110 7639
35 111 5493
35 112 7792
35 113 697
35 114 7521
35 115 4290
35 116 8656
35 117 6182
35 118 5469
35 119 643
36 37 4910
36 38 2155
36 39 8650
36 40 5179
36 41 2704
36 42 8231
36 43 6353
36 44 1853
36 45 6885
36 46 2392
36 47 5917
36 48 3467
36 49 7505
36 50 870
36 51 1499
36 52 2730
36 53 3687
36 54 3779
36 55 5007
36 56 1364
36 57 1744
36 58 7406
36 59 4880
36 60 3099
36 61 43
36 62 8169
36 63 9973
36 64 6784
36 65 8682
36 66 5827
36 67 6195
36 68 8735
36 69 1741
36 70 2644
36 71 9426
36 72 1474
36 73 2170
36 74 547
36 75 3877
36 76 9070
36 77 2324
36 78 5849
36 79 2061
36 80 5720
36 81 5425
36 82 8906
36 83 3866
36 84 8369
36 85 1554
36 86 5391
36 87 213
36 88 4860
36 89 3882
36 90 4145
36 91 2328
36 92 3811
36 93 9520
36 94 3707
36 95 6903
36 96 5464
36 97 6253
36 98 6945
36 99 2609
36 100 857
36 101 673
36 102 9845
36 103 1478
36 104 6915
36 105 815
36 106 1379
36 107 2170
36 108 2820
36 109 7195
36 110 2771
36 111 546
36 112 4717
36 113 8287
36 114 9017
36 115 115
36 116 1294
36 117 1068
36 118 9205
36 119 5760
37 38 5551
37 39 4801
37 40 845
37 41 4076
37 42 8460
37 43 6110
37 44 8393
37 45 8814
37 46 793
37 47 2989
37 48 9951
37 49 8488
37 50 4530
37 51 5715
37 52 5994
37 53 9695
37 54 6307
37 55 9740
37 56 8403
37 57 300
37 58 2106
37 59 5000
37 60 4247
37 61 440
37 62 6392
37 63 1162
37 64 8930
37 65 1253
37 66 3445
37 67 8342
37 68 3487
37 69 8952
37 70 2792
37 71 6294
37 72 9923
37 73 9858
37 74 539
37 75 5681
37 76 6541
37 77 8461
37 78 4825
37 79 1541
37 80 9835
37 81 5883
37 82 7377
37 83 6528
37 84 1865
37 85 9405
37 86 9527
37 87 5547
37 88 7722
37 89 4813
37 90 1208
37 91 3509
37 92 5128
37 93 210
37 94 9161
37 95 4778
37 96 2692
37 97 3053
37 98 4701
37 99 5
37 100 2377
37 101 9676
37 102 5786
37 103 7653
37 104 1587
37 105 9849
37 106 2984
37 107 8080
37 108 6994
37 109 2348
37 110 8918
37 111 8638
37 112 1624
37 113 4011
37 114 8643
37 115 1927
37 116 3219
37 117 4970
37 118 2104
37 119 8488
38 39 1651
38 40 4444
38 41 1001
38 42 3282
38 43 2133
38 44 8140
38 45 2943
38 46 1298
38 47 1925
38 48 8315
38 49 6441
38 50 1038
38 51 8696
38 52 5212
38 53 4457
38 54 7155
38 55 7551
38 56 7320
38 57 8112
38 58 1076
38 59 1036
38 60 8813
38 61 2078
38 62 8687
38 63 156
38 64 9873
38 65 4438
38 66 8663
38 67 8000
38 68 9188
38 69 2344
38 70 9753
38 71 4823
38 72 3913
38 73 4962
38 74 6021
38 75 3438
38 76 8303
38 77 3368
38 78 5271
38 79 2204
38 80 9661
38 81 9707
38 82 772
38 83 130
38 84 9888
38 85 3629
38 86 9005
38 87 3685
38 88 7130
38 89 929
38 90 4584
38 91 7111
38 92 9405
38 93 206
38 94 1664
38 95 8715
38 96 752
38 97 8592
38 98 1301
38 99 9863
38 100 6583
38 101 3922
38 102 4621
38 103 342
38 104 376
38 105 830
38 106 8651
38 107 6293
38 108 1195
38 109 7065
38 110 540
38 111 4798
38 112 6539
38 113 9820
38 114 6614
38 115 1175
38 116 4105
38 117 6350
38 118 9470
38 119 7223
39 40 7313
39 41 6067
39 42 965
39 43 8721
39 44 4178
39 45 4067
39 46 4621
39 47 1734
39 48 8659
39 49 9198
39 50 5758
39 51 9719
39 52 9524
39 53 7079
39 54 1556
39 55 1260
39 56 3853
39 57 1263
39 58 7138
39 59 1139
39 60 6700
39 61 3001
39 62 3093
39 63 7054
39 64 5591
39 65 1451
39 66 8931
39 67 1715
39 68 5665
39 69 8287
39 70 1566
39 71 960
39 72 3641
39 73 167
39 74 4998
39 75 5632
39 76 7082
39 77 3318
39 78 6055
39 79 2329
39 80 363
39 81 9378
39 82 8981
39 83 6830
39 84 7522
39 85 2478
39 86 3287
39 87 5221
39 88 2211
39 89 6144
39 90 2103
39 91 8143
39 92 3060
39 93 9628
39 94 5925
39 95 2900
39 96 9864
39 97 7998
39 98 7582
39 99 9818
39 100 3374
39 101 7082
39 102 1673
39 103 6562
39 104 8315
39 105 8202
39 106 6959
39 107 6750
39 108 4677
39 109 8399
39 110 4321
39 111 4120
39 112 7477
39 113 2060
39 114 9768
39 115 8317
39 116 6800
39 117 8779
39 118 1285
39 119 9449
40 41 8715
40 42 8027
40 43 3093
40 44 7057
40 45 9094
40 46 7146
40 47 2671
40 48 6151
40 49 6142
40 50 9004
40 51 9397
40 52 5147
40 53 6914
40 54 2149
40 55 807
40 56 2897
40 57 9522
40 58 5217
40 59 3690
40 60 7791
40 61 3767
40 62 1825
40 63 7493
40 64 7334
40 65 8242
40 66 1715
40 67 9625
40 68 4362
40 69 5613
40 70 5640
40 71 7716
40 72 9742
40 73 4622
40 74 1579
40 75 4868
40 76 3952
40 77 9495
40 78 8231
40 79 9037
40 80 9562
40 81 9313
40 82 3369
40 83 9711
40 84 3190
40 85 7946
40 86 7102
40 87 3213
40 88 4857
40 89 8682
40 90 9135
40 91 703
40 92 5985
40 93 3651
40 94 8680
40 95 7925
40 96 3468
40 97 6145
40 98 280
40 99 3736
40 100 5594
40 101 1825
40 102 2351
40 103 226
40 104 3904
40 105 8739
40 106 625
40 107 4183
40 108 8428
40 109 5677
40 110 6813
40 111 6428
40 112 58
40 113 5785
40 114 875
40 115 9736
40 116 1465
40 117 6767
40 118 7723
40 119 5478
41 42 6483
41 43 1248
41 44 8895
41 45 3684
41 46 3182
41 47 2481
41 48 1711
41 49 7124
41 50 2650
41 51 2322
41 52 8585
41 53 3682
41 54 1740
41 55 5256
41 56 7795
41 57 6779
41 58 5965
41 59 7730
41 60 5148
41 61 5986
41 62 973
41 63 8701
41 64 9186
41 65 4995
41 66 2388
41 67 278
41 68 5955
41 69 272
41 70 9453
41 71 9969
41 72 7208
41 73 1911
41 74 4473
41 75 3296
41 76 7275
41 77 2224
41 78 7017
41 79 52
41 80 4095
41 81 113
41 82 8735
41 83 3522
41 84 2499
41 85 1266
41 86 5946
41 87 7531
41 88 3742
41 89 8417
41 90 2551
41 91 8167
41 92 1286
41 93 5507
41 94 8733
41 95 8713
41 96 7060
41 97 4321
41 98 8480
41 99 3169
41 100 6410
41 101 9485
41 102 937
41 103 2453
41 104 9484
41 105 8136
41 106 9506
41 107 3013
41 108 4419
41 109 5811
41 110 8881
41 111 298
41 112 9779
41 113 9700
41 114 1643
41 115 7263
41 116 1895
41 117 1592
41 118 8730
41 119 6424
42 43 9094
42 44 9756
42 45 653
42 46 9731
42 47 5478
42 48 4676
42 49 4111
42 50 6273
42 51 5543
42 52 6835
42 53 273
42 54 3276
42 55 9488
42 56 4362
42 57 3671
42 58 3610
42 59 4779
42 60 6967
42 61 7729
42 62 1055
42 63 4313
42 64 4475
42 65 3753
42 66 5303
42 67 8527
42 68 1446
42 69 8779
42 70 2134
42 71 1679
42 72 8236
42 73 9312
42 74 4525
42 75 8761
42 76 8254
42 77 5550
42 78 7264
42 79 2170
42 80 6379
42 81 5347
42 82 6579
42 83 5854
42 84 2514
42 85 2049
42 86 4381
42 87 2517
42 88 9194
42 89 6527
42 90 1533
42 91 4195
42 92 9861
42 93 7669
42 94 1774
42 95 6617
42 96 9929
42 97 6799
42 98 9763
42 99 7182
42 100 1685
42 101 344
42 102 3224
42 103 9634
42 104 1742
42 105 7145
42 106 4952
42 107 4770
42 108 3032
42 109 6637
42 110 4986
42 111 7790
42 112 5484
42 113 3020
42 114 4158
42 115 4112
42 116 3692
42 117 8709
42 118 6738
42 119 6347
43 44 6258
43 45 7195
43 46 642
43 47 5388
43 48 2404
43 49 4248
43 50 7415
43 51 7099
43 52 7274
43 53 343
43 54 4425
43 55 1192
43 56 6457
43 57 6726
43 58 9406
43 59 8049
43 60 6745
43 61 5331
43 62 8801
43 63 5886
43 64 4603
43 65 3258
43 66 8803
43 67 518
43 68 8230
43 69 5877
43 70 8819
43 71 1793
43 72 8964
43 73 28
43 74 1917
43 75 7664
43 76 2085
43 77 4551
43 78 2882
43 79 4036
43 80 2238
43 81 5363
43 82 4265
43 83 198
43 84 667
43 85 3206
43 86 8127
43 87 6777
43 88 9589
43 89 9516
43 90 4679
43 91 9706
43 92 7432
43 93 3256
43 94 8838
43 95 2857
43 96 5383
43 97 365
43 98 2653
43 99 9516
43 100 3429
43 101 5965
43 102 678
43 103 9106
43 104 6610
43 105 497
43 106 8110
43 107 1665
43 108 9740
43 109 9195
43 110 985
43 111 1341
43 112 8832
43 113 690
43 114 980
43 115 4218
43 116 3531
43 117 6250
43 118 7945
43 119 1806
44 45 9989
44 46 3622
44 47 6306
44 48 1960
44 49 687
44 50 4231
44 51 1541
44 52 2954
44 53 4792
44 54 3280
44 55 8197
44 56 9162
44 57 1075
44 58 4171
44 59 5526
44 60 3816
44 61 5030
44 62 4683
44 63 8192
44 64 5326
44 65 7164
44 66 7623
44 67 3693
44 68 9626
44 69 328
44 70 2902
44 71 3427
44 72 5912
44 73 5853
44 74 9550
44 75 1716
44 76 6244
44 77 6866
44 78 1013
44 79 4185
44 80 4208
44 81 870
44 82 4257
44 83 9698
44 84 4075
44 85 8174
44 86 1144
44 87 2896
44 88 1696
44 89 9717
44 90 6803
44 91 3593
44 92 2515
44 93 9025
44 94 2289
44 95 4242
44 96 4586
44 97 6141
44 98 6633
44 99 3968
44 100 8255
44 101 7837
44 102 9239
44 103 5566
44 104 6132
44 105 5122
44 106 5376
44 107 3961
44 108 5364
44 109 2843
44 110 2364
44 111 6447
44 112 6064
44 113 2586
44 114 5617
44 115 4917
44 116 9059
44 117 1450
44 118 8253
44 119 3567
45 46 8779
45 47 8649
45 48 6241
45 49 1846
45 50 9213
45 51 8294
45 52 5292
45 53 2653
45 54 2666
45 55 7693
45 56 5196
45 57 7601
45 58 8847
45 59 4980
45 60 506
45 61 2796
45 62 8804
45 63 8529
45 64 9914
45 65 3383
45 66 136
45 67 6092
45 68 1149
45 69 6870
45 70 7528
45 71 1538
45 72 3250
45 73 2038
45 74 9262
45 75 4101
45 76 427
45 77 226
45 78 3959
45 79 9597
45 80 4674
45 81 6137
45 82 2847
45 83 7390
45 84 8096
45 85 3099
45 86 1089
45 87 6804
45 88 3573
45 89 5112
45 90 5296
45 91 3909
45 92 1696
45 93 157
45 94 5683
45 95 1573
45 96 1708
45 97 1414
45 98 470
45 99 8107
45 100 4036
45 101 5301
45 102 8535
45 103 4185
45 104 7418
45 105 8428
45 106 6879
45 107 7926
45 108 9346
45 109 678
45 110 5848
45 111 9325
45 112 1421
45 113 9598
45 114 5494
45 115 7906
45 116 6029
45 117 2430
45 118 7491
45 119 1423
46 47 3552
46 48 5014
46 49 3845
46 50 6751
46 51 5560
46 52 6337
46 53 5387
46 54 4842
46 55 963
46 56 2332
46 57 1810
46 58 8970
46 59 2215
46 60 6225
46 61 7216
46 62 4211
46 63 8867
46 64 1588
46 65 3092
46 66 7654
46 67 8283
46 68 2696
46 69 1008
46 70 1654
46 71 3578
46 72 7640
46 73 987
46 74 4811
46 75 3411
46 76 1540
46 77 1584
46 78 1797
46 79 4817
46 80 4110
46 81 3074
46 82 8606
46 83 2296
46 84 7656
46 85 3090
46 86 5286
46 87 8217
46 88 7228
46 89 9030
46 90 7497
46 91 9621
46 92 5023
46 93 4161
46 94 9832
46 95 5775
46 96 9201
46 97 1519
46 98 2055
46 99 1878
46 100 8618
46 101 3356
46 102 636
46 103 9494
46 104 5299
46 105 2736
46 106 1851
46 107 3633
46 108 6882
46 109 954
46 110 1336
46 111 1978
46 112 8408
46 113 1839
46 114 5332
46 115 1137
46 116 1579
46 117 5592
46 118 7744
46 119 6959
47 48 9985
47 49 811
47 50 4123
47 51 5541
47 52 3978
47 53 638
47 54 4549
47 55 6125
47 56 1259
47 57 3197
47 58 3702
47 59 4902
47 60 603
47 61 5971
47 62 5179
47 63 5824
47 64 7727
47 65 7347
47 66 7694
47 67 5550
47 68 9426
47 69 1698
47 70 8318
47 71 4447
47 72 5077
47 73 9172
47 74 8034
47 75 2803
47 76 2590
47 77 4447
47 78 9900
47 79 206
47 80 4315
47 81 1200
47 82 2945
47 83 9965
47 84 5504
47 85 9965
47 86 435
47 87 7043
47 88 8666
47 89 4939
47 90 7108
47 91 3912
47 92 2592
47 93 7167
47 94 560
47 95 6210
47 96 3783
47 97 6790
47 98 9570
47 99 6352
47 100 4270
47 101 9916
47 102 562
47 103 2135
47 104 7888
47 105 5967
47 106 3347
47 107 7686
47 108 1006
47 109 7946
47 110 4513
47 111 3827
47 112 5668
47 113 9989
47 114 5034
47 115 9795
47 116 6785
47 117 9299
47 118 8513
47 119 1444
48 49 3519
48 50 6749
48 51 7362
48 52 183
48 53 3093
48 54 2407
48 55 306
48 56 8832
48 57 7148
48 58 9332
48 59 9032
48 60 2499
48 61 4600
48 62 9818
48 63 819
48 64 8685
48 65 8518
48 66 1336
48 67 5927
48 68 3046
48 69 1252
48 70 375
48 71 775
48 72 6517
48 73 6188
48 74 3379
48 75 5915
48 76 6746
48 77 2681
48 78 8484
48 79 6155
48 80 3195
48 81 1144
48 82 4901
48 83 9837
48 84 6207
48 85 1338
48 86 3329
48 87 6666
48 88 1470
48 89 3115
48 90 1768
48 91 771
48 92 7144
48 93 5591
48 94 5631
48 95 837
48 96 9597
48 97 5074
48 98 32
48 99 5744
48 100 8390
48 101 3102
48 102 3492
48 103 4167
48 104 3390
48 105 4775
48 106 1762
48 107 933
48 108 7234
48 109 8591
48 110 7295
48 111 4356
48 112 5834
48 113 5886
48 114 841
48 115 4545
48 116 2278
48 117 7343
48 118 8455
48 119 6561
49 50 7555
49 51 785
49 52 6257
49 53 4726
49 54 9176
49 55 7728
49 56 7242
49 57 4174
49 58 8034
49 59 2093
49 60 2115
49 61 5490
49 62 369
49 63 5440
49 64 769
49 65 6192
49 66 6106
49 67 5687
49 68 241
49 69 5220
49 70 2859
49 71 175
49 72 2558
49 73 160
49 74 3717
49 75 1687
49 76 1535
49 77 968
49 78 9603
49 79 349
49 80 1106
49 81 827
49 82 4621
49 83 398
49 84 9308
49 85 6635
49 86 7683
49 87 8298
49 88 3935
49 89 5008
49 90 3844
49 91 1977
49 92 4805
49 93 9952
49 94 2242
49 95 3735
49 96 4470
49 97 4732
49 98 2816
49 99 4257
49 100 3550
49 101 9217
49 102 7179
49 103 8818
49 104 9961
49 105 4121
49 106 9767
49 107 3779
49 108 3412
49 109 350
49 110 2750
49 111 5790
49 112 7278
49 113 963
49 114 7251
49 115 7184
49 116 2660
49 117 1124
49 118 5214
49 119 8579
50 51 9284
50 52 5629
50 53 4877
50 54 7671
50 55 705
50 56 1917
50 57 114
50 58 7420
50 59 5904
50 60 1420
50 61 5014
50 62 6806
50 63 4016
50 64 2128
50 65 8639
50 66 7382
50 67 9405
50 68 5477
50 69 6098
50 70 8475
50 71 469
50 72 8878
50 73 5211
50 74 2196
50 75 8145
50 76 9489
50 77 8746
50 78 1601
50 79 3858
50 80 772
50 81 9778
50 82 7317
50 83 215
50 84 2581
50 85 6915
50 86 7553
50 87 3339
50 88 4185
50 89 5230
50 90 568
50 91 7310
50 92 8863
50 93 9596
50 94 1603
50 95 913
50 96 9867
50 97 676
50 98 9354
50 99 1229
50 100 2621
50 101 2042
50 102 4649
50 103 9585
50 104 3390
50 105 9126
50 106 8578
50 107 9474
50 108 203
50 109 754
50 110 2738
50 111 6676
50 112 2469
50 113 5365
50 114 1558
50 115 7858
50 116 3848
50 117 3261
50 118 1181
50 119 9217
51 52 5907
51 53 6806
51 54 5357
51 55 2597
51 56 3115
51 57 7227
51 58 4817
51 59 9838
51 60 4293
51 61 2951
51 62 4830
51 63 2436
51 64 9378
51 65 6013
51 66 295
51 67 6233
51 68 5913
51 69 2991
51 70 9068
51 71 3962
51 72 5980
51 73 314
51 74 5564
51 75 9110
51 76 462
51 77 1181
51 78 9385
51 79 9487
51 80 7633
51 81 8603
51 82 4403
51 83 5112
51 84 130
51 85 6542
51 86 9416
51 87 7427
51 88 5254
51 89 1293
51 90 978
51 91 8590
51 92 7861
51 93 4314
51 94 8105
51 95 5696
51 96 4542
51 97 8013
51 98 4514
51 99 2717
51 100 2554
51 101 7069
51 102 4477
51 103 330
51 104 292
51 105 717
51 106 4138
51 107 5928
51 108 8090
51 109 3537
51 110 8673
51 111 1956
51 112 540
51 113 2286
51 114 1705
51 115 2796
51 116 3945
51 117 9087
51 118 9825
51 119 2166
52 53 2788
52 54 5235
52 55 6547
52 56 7827
52 57 9930
52 58 6776
52 59 4935
52 60 1420
52 61 76
52 62 6984
52 63 7330
52 64 6478
52 65 4445
52 66 6924
52 67 214
52 68 8088
52 69 4636
52 70 7639
52 71 533
52 72 3655
52 73 9070
52 74 1915
52 75 4437
52 76 4073
52 77 6269
52 78 7290
52 79 7172
52 80 1066
52 81 9438
52 82 1301
52 83 2213
52 84 5332
52 85 8746
52 86 2444
52 87 7557
52 88 2896
52 89 42
52 90 2461
52 91 7734
52 92 6224
52 93 4442
52 94 2704
52 95 8923
52 96 1737
52 97 1570
52 98 1344
52 99 7497
52 100 2492
52 101 1432
52 102 365
52 103 2880
52 104 9412
52 105 2404
52 106 2684
52 107 5094
52 108 63
52 109 4067
52 110 8002
52 111 8704
52 112 9255
52 113 7613
52 114 6631
52 115 3281
52 116 2262
52 117 8124
52 118 8556
52 119 342
53 54 9950
53 55 986
53 56 3298
53 57 7871
53 58 4891
53 59 1813
53 60 8417
53 61 3524
53 62 5020
53 63 5078
53 64 9837
53 65 9482
53 66 3887
53 67 2843
53 68 8375
53 69 2577
53 70 3402
53 71 447
53 72 2688
53 73 7264
53 74 2255
53 75 4507
53 76 8107
53 77 5456
53 78 6599
53 79 5836
53 80 7676
53 81 6375
53 82 4845
53 83 8259
53 84 9292
53 85 5865
53 86 6441
53 87 7082
53 88 4944
53 89 3534
53 90 8202
53 91 1156
53 92 6868
53 93 1555
53 94 7901
53 95 3179
53 96 3067
53 97 1040
53 98 2962
53 99 1355
53 100 5905
53 101 7593
53 102 8277
53 103 8214
53 104 6105
53 105 9414
53 106 8486
53 107 7887
53 108 1418
53 109 909
53 110 4277
53 111 8454
53 112 4463
53 113 7787
53 114 3806
53 115 3389
53 116 6893
53 117 6735
53 118 7685
53 119 8711
54 55 4935
54 56 1238
54 57 1086
54 58 1452
54 59 5625
54 60 634
54 61 3611
54 62 4
54 63 9211
54 64 4238
54 65 3075
54 66 5104
54 67 4939
54 68 7533
54 69 6840
54 70 7538
54 71 1171
54 72 5870
54 73 7424
54 74 8122
54 75 2106
54 76 5438
54 77 6841
54 78 7545
54 79 6087
54 80 9034
54 81 6037
54 82 1174
54 83 1232
54 84 6259
54 85 2807
54 86 2512
54 87 957
54 88 4309
54 89 2902
54 90 2047
54 91 1879
54 92 4878
54 93 4443
54 94 5486
54 95 6784
54 96 3763
54 97 1761
54 98 2546
54 99 6567
54 100 1317
54 101 3789
54 102 8025
54 103 5382
54 104 3829
54 105 8286
54 106 9641
54 107 7222
54 108 5472
54 109 9413
54 110 7172
54 111 550
54 112 7134
54 113 1225
54 114 39
54 115 1152
54 116 2338
54 117 9628
54 118 2121
54 119 8459
55 56 7225
55 57 36
55 58 7664
55 59 3094
55 60 7133
55 61 4267
55 62 8112
55 63 8707
55 64 8571
55 65 7953
55 66 6009
55 67 7309
55 68 7222
55 69 4789
55 70 1631
55 71 3728
55 72 87
55 73 9107
55 74 5296
55 75 5378
55 76 4272
55 77 9234
55 78 9337
55 79 2880
55 80 1649
55 81 1072
55 82 9505
55 83 1961
55 84 531
55 85 7020
55 86 4464
55 87 6487
55 88 7453
55 89 9188
55 90 3489
55 91 6131
55 92 2794
55 93 5262
55 94 3518
55 95 7697
55 96 4248
55 97 5753
55 98 9730
55 99 3461
55 100 3047
55 101 1537
55 102 4262
55 103 3641
55 104 7842
55 105 1912
55 106 2677
55 107 7506
55 108 9022
55 109 729
55 110 3026
55 111 6108
55 112 5068
55 113 5600
55 114 6367
55 115 2294
55 116 7603
55 117 3972
55 118 8594
55 119 7447
56 57 5852
56 58 7947
56 59 6431
56 60 3465
56 61 2839
56 62 9207
56 63 8951
56 64 5892
56 65 5639
56 66 9912
56 67 5150
56 68 2450
56 69 4667
56 70 5583
56 71 5810
56 72 8229
56 73 5265
56 74 4812
56 75 1296
56 76 1039
56 77 7
56 78 5079
56 79 1391
56 80 4281
56 81 9827
56 82 9746
56 83 3939
56 84 8863
56 85 7606
56 86 3478
56 87 9950
56 88 36
56 89 1684
56 90 5042
56 91 1334
56 92 6546
56 93 4023
56 94 4556
56 95 9179
56 96 6276
56 97 528
56 98 8846
56 99 3896
56 100 8329
56 101 5720
56 102 6007
56 103 9495
56 104 3432
56 105 9935
56 106 7412
56 107 256
56 108 5799
56 109 4354
56 110 6278
56 111 8243
56 112 6358
56 113 7097
56 114 9212
56 115 8248
56 116 2274
56 117 8882
56 118 1694
56 119 3321
57 58 5942
57 59 6836
57 60 9359
57 61 4979
57 62 3423
57 63 1369
57 64 2479
57 65 1077
57 66 2968
57 67 4690
57 68 3725
57 69 904
57 70 9024
57 71 7161
57 72 7920
57 73 9098
57 74 5558
57 75 6011
57 76 2604
57 77 5448
57 78 6982
57 79 6623
57 80 7296
57 81 5086
57 82 1186
57 83 4437
57 84 10000
57 85 1408
57 86 7288
57 87 2417
57 88 8709
57 89 4152
57 90 1578
57 91 9263
57 92 133
57 93 9393
57 94 5006
57 95 6671
57 96 275
57 97 936
57 98 1618
57 99 6853
57 100 63
57 101 4045
57 102 8946
57 103 1436
57 104 4208
57 105 2101
57 106 7723
57 107 9970
57 108 7825
57 109 9913
57 110 7536
57 111 8697
57 112 8199
57 113 4267
57 114 3088
57 115 8697
57 116 4048
57 117 8394
57 118 7548
57 119 8547
58 59 6204
58 60 7956
58 61 5652
58 62 4185
58 63 5551
58 64 9734
58 65 8319
58 66 3572
58 67 6281
58 68 7914
58 69 8595
58 70 5345
58 71 2375
58 72 8068
58 73 7822
58 74 9344
58 75 2346
58 76 2300
58 77 6517
58 78 2094
58 79 8919
58 80 6116
58 81 6877
58 82 90
58 83 821
58 84 4895
58 85 1579
58 86 9502
58 87 7175
58 88 2441
58 89 9007
58 90 8557
58 91 8226
58 92 6058
58 93 1026
58 94 2061
58 95 5124
58 96 2093
58 97 6035
58 98 6981
58 99 2213
58 100 2281
58 101 2909
58 102 3058
58 103 5904
58 104 7367
58 105 4732
58 106 8431
58 107 9164
58 108 8913
58 109 6360
58 110 4774
58 111 6805
58 112 7838
58 113 5406
58 114 6201
58 115 6630
58 116 4652
58 117 8746
58 118 7844
58 119 3490
59 60 9393
59 61 2225
59 62 2136
59 63 5706
59 64 1235
59 65 5942
59 66 9490
59 67 7668
59 68 1877
59 69 6377
59 70 3911
59 71 9231
59 72 9366
59 73 1851
59 74 9194
59 75 6628
59 76 1521
59 77 7038
59 78 5215
59 79 7408
59 80 950
59 81 5057
59 82 9143
59 83 9066
59 84 4354
59 85 1018
59 86 9999
59 87 2039
59 88 7194
59 89 4635
59 90 3825
59 91 4240
59 92 9243
59 93 6176
59 94 9952
59 95 5638
59 96 9138
59 97 4771
59 98 3649
59 99 9662
59 100 4101
59 101 4766
59 102 6321
59 103 8557
59 104 7910
59 105 9829
59 106 8495
59 107 1243
59 108 2293
59 109 9001
59 110 4348
59 111 3300
59 112 4067
59 113 4655
59 114 3858
59 115 7039
59 116 5747
59 117 6127
59 118 7277
59 119 5904
60 61 5348
60 62 5476
60 63 7828
60 64 859
60 65 9837
60 66 867
60 67 3844
60 68 9739
60 69 6637
60 70 8434
60 71 4671
60 72 236
60 73 6308
60 74 6498
60 75 2161
60 76 3184
60 77 3514
60 78 9671
60 79 4928
60 80 8242
60 81 8861
60 82 4257
60 83 8843
60 84 9312
60 85 2131
60 86 9117
60 87 1309
60 88 4447
60 89 2656
60 90 3052
60 91 4544
60 92 6846
60 93 4120
60 94 7558
60 95 6085
60 96 2050
60 97 7557
60 98 5331
60 99 9574
60 100 5333
60 101 1175
60 102 320
60 103 5019
60 104 486
60 105 7476
60 106 5147
60 107 9106
60 108 2269
60 109 6197
60 110 8508
60 111 7107
60 112 8603
60 113 6400
60 114 7174
60 115 4494
60 116 823
60 117 4798
60 118 520
60 119 7825
61 62 5213
61 63 2281
61 64 8652
61 65 5974
61 66 2115
61 67 2786
61 68 8768
61 69 4658
61 70 6937
61 71 6555
61 72 7600
61 73 1948
61 74 8070
61 75 7848
61 76 8287
61 77 9194
61 78 2461
61 79 550
61 80 8867
61 81 3040
61 82 6392
61 83 4097
61 84 9872
61 85 9026
61 86 1199
61 87 4925
61 88 3246
61 89 3251
61 90 9969
61 91 6770
61 92 7793
61 93 9167
61 94 9806
61 95 146
61 96 1127
61 97 5441
61 98 1640
61 99 59
61 100 4890
61 101 6375
61 102 6618
61 103 7730
61 104 5959
61 105 5710
61 106 6106
61 107 1307
61 108 3983
61 109 731
61 110 7709
61 111 948
61 112 4722
61 113 5641
61 114 599
61 115 3443
61 116 2815
61 117 7151
61 118 1977
61 119 3843
62 63 8377
62 64 7206
62 65 9351
62 66 6265
62 67 8045
62 68 3109
62 69 790
62 70 3887
62 71 3730
62 72 2148
62 73 5457
62 74 19
62 75 1199
62 76 2708
62 77 2301
62 78 9367
62 79 2023
62 80 9702
62 81 5258
62 82 730
62 83 4296
62 84 3555
62 85 212
62 86 7368
62 87 6117
62 88 8711
62 89 6242
62 90 4503
62 91 1280
62 92 1136
62 93 998
62 94 6234
62 95 1009
62 96 5581
62 97 319
62 98 4936
62 99 5463
62 100 4178
62 101 3791
62 102 1970
62 103 3844
62 104 9136
62 105 1692
62 106 4267
62 107 3278
62 108 8550
62 109 6129
62 110 7460
62 111 5637
62 112 4660
62 113 4960
62 114 9200
62 115 4956
62 116 4413
62 117 2983
62 118 5876
62 119 2985
63 64 6584
63 65 519
63 66 5506
63 67 465
63 68 2628
63 69 1759
63 70 6118
63 71 6837
63 72 6954
63 73 9567
63 74 9775
63 75 251
63 76 5969
63 77 9195
63 78 8006
63 79 1667
63 80 1713
63 81 9317
63 82 6918
63 83 2405
63 84 1910
63 85 5313
63 86 5898
63 87 1146
63 88 1238
63 89 5703
63 90 2842
63 91 8028
63 92 1101
63 93 6582
63 94 4442
63 95 3985
63 96 6107
63 97 2352
63 98 1210
63 99 2153
63 100 9236
63 101 2607
63 102 8553
63 103 7767
63 104 4997
63 105 2683
63 106 6736
63 107 9640
63 108 3522
63 109 4470
63 110 6730
63 111 9742
63 112 4210
63 113 8825
63 114 6548
63 115 4357
63 116 4183
63 117 6475
63 118 4470
63 119 3431
64 65 136
64 66 6488
64 67 5103
64 68 7840
64 69 4676
64 70 2132
64 71 4429
64 72 2281
64 73 5677
64 74 2841
64 75 2159
64 76 7289
64 77 5708
64 78 779
64 79 7744
64 80 9160
64 81 200
64 82 1496
64 83 123
64 84 5336
64 85 8770
64 86 8846
64 87 195
64 88 83
64 89 6696
64 90 4336
64 91 8051
64 92 865
64 93 2667
64 94 144
64 95 4381
64 96 2603
64 97 4667
64 98 4106
64 99 6671
64 100 4807
64 101 9436
64 102 5733
64 103 4475
64 104 7986
64 105 7388
64 106 9289
64 107 324
64 108 8575
64 109 8091
64 110 8336
64 111 8507
64 112 8180
64 113 9180
64 114 367
64 115 4179
64 116 8585
64 117 5390
64 118 3140
64 119 5025
65 66 7184
65 67 365
65 68 6232
65 69 4896
65 70 2266
65 71 5042
65 72 3592
65 73 2841
65 74 5697
65 75 5610
65 76 9003
65 77 1768
65 78 6353
65 79 1388
65 80 3367
65 81 4064
65 82 3325
65 83 6843
65 84 2351
65 85 8107
65 86 833
65 87 7783
65 88 2279
65 89 6538
65 90 4877
65 91 4421
65 92 6695
65 93 1211
65 94 8100
65 95 8421
65 96 6775
65 97 6875
65 98 1801
65 99 5560
65 100 7692
65 101 991
65 102 1274
65 103 7852
65 104 5623
65 105 6697
65 106 1858
65 107 8961
65 108 5831
65 109 4947
65 110 3012
65 111 9701
65 112 9112
65 113 2766
65 114 7635
65 115 9078
65 116 3933
65 117 3136
65 118 9263
65 119 4859
66 67 3894
66 68 3145
66 69 3829
66 70 2130
66 71 7372
66 72 5014
66 73 7919
66 74 6970
66 75 118
66 76 1604
66 77 9882
66 78 4971
66 79 4989
66 80 9022
66 81 9887
66 82 4537
66 83 3215
66 84 8055
66 85 566
66 86 7002
66 87 887
66 88 1814
66 89 8716
66 90 4270
66 91 1929
66 92 5692
66 93 9765
66 94 7952
66 95 4965
66 96 1942
66 97 8017
66 98 4698
66 99 8461
66 100 9984
66 101 4638
66 102 1112
66 103 9349
66 104 8597
66 105 362
66 106 165
66 107 1427
66 108 2298
66 109 8420
66 110 9432
66 111 2664
66 112 7953
66 113 1394
66 114 1023
66 115 377
66 116 9324
66 117 7105
66 118 5474
66 119 834
67 68 3128
67 69 5921
67 70 2624
67 71 8648
67 72 6625
67 73 9319
67 74 4098
67 75 9704
67 76 5180
67 77 6355
67 78 6907
67 79 3237
67 80 434
67 81 5222
67 82 7121
67 83 7260
67 84 3808
67 85 8498
67 86 7845
67 87 3326
67 88 9047
67 89 7229
67 90 997
67 91 7970
67 92 7483
67 93 5745
67 94 1149
67 95 3814
67 96 8197
67 97 6316
67 98 3352
67 99 9072
67 100 5978
67 101 1971
67 102 4944
67 103 7940
67 104 1322
67 105 2999
67 106 2910
67 107 4501
67 108 2463
67 109 5924
67 110 8047
67 111 5595
67 112 3324
67 113 7156
67 114 1143
67 115 239
67 116 4367
67 117 2229
67 118 6055
67 119 5277
68 69 5036
68 70 5559
68 71 1577
68 72 1293
68 73 37
68 74 2349
68 75 1860
68 76 3019
68 77 2705
68 78 6369
68 79 32
68 80 5196
68 81 3899
68 82 6495
68 83 2448
68 84 597
68 85 7842
68 86 9865
68 87 2880
68 88 2607
68 89 4894
68 90 7284
68 91 5832
68 92 568
68 93 2218
68 94 948
68 95 5705
68 96 6579
68 97 7511
68 98 1827
68 99 5441
68 100 3612
68 101 9712
68 102 6465
68 103 784
68 104 1001
68 105 3275
68 106 9863
68 107 6419
68 108 2115
68 109 1887
68 110 6562
68 111 6289
68 112 551
68 113 8277
68 114 3001
68 115 964
68 116 9491
68 117 8462
68 118 3645
68 119 4940
69 70 6607
69 71 7795
69 72 5320
69 73 252
69 74 3774
69 75 6610
69 76 2105
69 77 8418
69 78 6931
69 79 2962
69 80 4376
69 81 6732
69 82 9196
69 83 4356
69 84 9510
69 85 2387
69 86 2206
69 87 6967
69 88 5601
69 89 7245
69 90 6940
69 91 6595
69 92 3778
69 93 4276
69 94 3340
69 95 1108
69 96 7073
69 97 1189
69 98 9552
69 99 2684
69 100 7572
69 101 5747
69 102 5118
69 103 7790
69 104 7847
69 105 4634
69 106 72
69 107 7102
69 108 9117
69 109 1172
69 110 7669
69 111 8683
69 112 1363
69 113 8435
69 114 75
69 115 7950
69 116 660
69 117 9109
69 118 6366
69 119 2577
70 71 1292
70 72 1183
70 73 8875
70 74 1153
70 75 8563
70 76 8042
70 77 1804
70 78 5079
70 79 2879
70 80 9162
70 81 5495
70 82 3583
70 83 7544
70 84 8956
70 85 8108
70 86 757
70 87 8254
70 88 8835
70 89 3287
70 90 3944
70 91 1716
70 92 4436
70 93 3239
70 94 770
70 95 4189
70 96 7746
70 97 667
70 98 5813
70 99 5652
70 100 3874
70 101 7319
70 102 6969
70 103 5054
70 104 5799
70 105 6562
70 106 5750
70 107 9672
70 108 1426
70 109 4947
70 110 8071
70 111 4000
70 112 528
70 113 8305
70 114 9107
70 115 3732
70 116 5198
70 117 3121
70 118 1792
70 119 103
71 72 5940
71 73 494
71 74 9052
71 75 8420
71 76 7665
71 77 9277
71 78 4192
71 79 3172
71 80 960
71 81 4748
71 82 497
71 83 953
71 84 7390
71 85 4211
71 86 4191
71 87 2563
71 88 5117
71 89 2024
71 90 3215
71 91 4052
71 92 8139
71 93 3969
71 94 3559
71 95 5947
71 96 3846
71 97 3182
71 98 4542
71 99 4789
71 100 4918
71 101 2575
71 102 5266
71 103 7801
71 104 6357
71 105 5229
71 106 8609
71 107 5499
71 108 229
71 109 7985
71 110 3668
71 111 7402
71 112 388
71 113 6915
71 114 7340
71 115 7974
71 116 308
71 117 5223
71 118 8052
71 119 5117
72 73 1052
72 74 9246
72 75 6127
72 76 5172
72 77 5833
72 78 5761
72 79 2966
72 80 2894
72 81 9192
72 82 5789
72 83 2997
72 84 6512
72 85 1298
72 86 358
72 87 4855
72 88 7096
72 89 3988
72 90 4219
72 91 6738
72 92 5718
72 93 6906
72 94 2978
72 95 580
72 96 4169
72 97 8554
72 98 8399
72 99 3772
72 100 4071
72 101 3078
72 102 6921
72 103 5093
72 104 9727
72 105 5598
72 106 8383
72 107 8274
72 108 9963
72 109 8452
72 110 8506
72 111 5329
72 112 7544
72 113 8258
72 114 154
72 115 6260
72 116 7273
72 117 9013
72 118 1608
72 119 1625
73 74 129
73 75 814
73 76 9393
73 77 9151
73 78 280
73 79 2221
73 80 1826
73 81 4001
73 82 3459
73 83 4137
73 84 3266
73 85 481
73 86 8431
73 87 8234
73 88 6568
73 89 9062
73 90 5970
73 91 6653
73 92 1413
73 93 5189
73 94 6900
73 95 7808
73 96 7909
73 97 3866
73 98 4277
73 99 2114
73 100 5211
73 101 5012
73 102 7529
73 103 2945
73 104 306
73 105 3641
73 106 6198
73 107 6791
73 108 1889
73 109 3095
73 110 7755
73 111 8635
73 112 7447
73 113 3924
73 114 6901
73 115 7039
73 116 3000
73 117 1438
73 118 5618
73 119 8107
74 75 1664
74 76 7715
74 77 3107
74 78 2548
74 79 40
74 80 3624
74 81 2545
74 82 8139
74 83 3186
74 84 6605
74 85 9224
74 86 8525
74 87 971
74 88 6109
74 89 2245
74 90 7868
74 91 4446
74 92 4990
74 93 2638
74 94 4129
74 95 5049
74 96 7820
74 97 7756
74 98 6070
74 99 296
74 100 9705
74 101 2882
74 102 2626
74 103 4664
74 104 521
74 105 7578
74 106 3249
74 107 5928
74 108 4875
74 109 6153
74 110 5362
74 111 6416
74 112 6727
74 113 5808
74 114 6862
74 115 6218
74 116 924
74 117 2588
74 118 7313
74 119 5249
75 76 1723
75 77 705
75 78 6665
75 79 8037
75 80 3137
75 81 3898
75 82 6087
75 83 2477
75 84 2293
75 85 6552
75 86 9381
75 87 4771
75 88 5641
75 89 8567
75 90 2094
75 91 9755
75 92 5891
75 93 4034
75 94 9903
75 95 5676
75 96 674
75 97 3435
75 98 769
75 99 1923
75 100 7383
75 101 6665
75 102 3398
75 103 3733
75 104 7186
75 105 2785
75 106 7087
75 107 382
75 108 7047
75 109 3394
75 110 6095
75 111 2561
75 112 4030
75 113 4828
75 114 3794
75 115 1490
75 116 7289
75 117 5914
75 118 1889
75 119 5155
76 77 3590
76 78 1939
76 79 2795
76 80 7578
76 81 5121
76 82 6317
76 83 3185
76 84 7177
76 85 4029
76 86 2833
76 87 5517
76 88 8443
76 89 7985
76 90 7365
76 91 3649
76 92 2987
76 93 9536
76 94 5772
76 95 8011
76 96 6493
76 97 3834
76 98 9954
76 99 1436
76 100 6743
76 101 3622
76 102 7744
76 103 7243
76 104 869
76 105 8227
76 106 8104
76 107 182
76 108 3598
76 109 7406
76 110 819
76 111 5419
76 112 4334
76 113 5794
76 114 6598
76 115 6390
76 116 4845
76 117 8945
76 118 5197
76 119 4225
77 78 5832
77 79 8544
77 80 4768
77 81 1373
77 82 8113
77 83 835
77 84 9986
77 85 6074
77 86 4641
77 87 4620
77 88 7261
77 89 5926
77 90 7523
77 91 9350
77 92 5958
77 93 2224
77 94 6451
77 95 1572
77 96 8903
77 97 7302
77 98 6177
77 99 4221
77 100 2840
77 101 4530
77 102 443
77 103 5926
77 104 7131
77 105 8550
77 106 3514
77 107 6252
77 108 9602
77 109 3032
77 110 9281
77 111 2419
77 112 9126
77 113 4580
77 114 6374
77 115 3835
77 116 4290
77 117 8033
77 118 2498
77 119 2049
78 79 1253
78 80 4834
78 81 3080
78 82 2688
78 83 945
78 84 9389
78 85 4577
78 86 468
78 87 9883
78 88 1861
78 89 6882
78 90 4479
78 91 3027
78 92 7904
78 93 3009
78 94 8919
78 95 6323
78 96 1061
78 97 7983
78 98 7671
78 99 974
78 100 9308
78 101 7127
78 102 8243
78 103 3090
78 104 439
78 105 7725
78 106 5007
78 107 8969
78 108 9872
78 109 1437
78 110 1663
78 111 8622
78 112 5727
78 113 8075
78 114 129
78 115 4451
78 116 8390
78 117 7175
78 118 1852
78 119 3956
79 80 2773
79 81 2925
79 82 4041
79 83 6677
79 84 7673
79 85 8781
79 86 3648
79 87 2471
79 88 6833
79 89 729
79 90 1798
79 91 9176
79 92 3761
79 93 4064
79 94 3303
79 95 7402
79 96 4564
79 97 6524
79 98 2891
79 99 1531
79 100 4238
79 101 6483
79 102 9926
79 103 4927
79 104 8688
79 105 7816
79 106 8143
79 107 2928
79 108 7466
79 109 829
79 110 4560
79 111 4236
79 112 1566
79 113 1913
79 114 9589
79 115 4124
79 116 2707
79 117 6662
79 118 9821
79 119 398
80 81 9704
80 82 572
80 83 1315
80 84 2706
80 85 5061
80 86 4272
80 87 1456
80 88 9968
80 89 375
80 90 7378
80 91 4763
80 92 7901
80 93 5327
80 94 6191
80 95 8856
80 96 1883
80 97 4313
80 98 3263
80 99 7940
80 100 4390
80 101 8992
80 102 468
80 103 4523
80 104 70
80 105 2872
80 106 1148
80 107 7868
80 108 4771
80 109 5168
80 110 6256
80 111 7924
80 112 6421
80 113 2098
80 114 2980
80 115 4751
80 116 6168
80 117 107
80 118 8383
80 119 4856
81 82 5642
81 83 8905
81 84 8108
81 85 251
81 86 6956
81 87 4420
81 88 9443
81 89 9255
81 90 8021
81 91 9569
81 92 7438
81 93 5382
81 94 7950
81 95 9493
81 96 2459
81 97 9376
81 98 4604
81 99 73
81 100 4009
81 101 1484
81 102 4884
81 103 7994
81 104 7733
81 105 6464
81 106 1619
81 107 2019
81 108 2184
81 109 6903
81 110 6487
81 111 7992
81 112 7350
81 113 2337
81 114 2881
81 115 6622
81 116 6478
81 117 1377
81 118 6090
81 119 9602
82 83 574
82 84 1198
82 85 1022
82 86 8169
82 87 7461
82 88 4931
82 89 847
82 90 1214
82 91 61
82 92 3158
82 93 6004
82 94 7751
82 95 4486
82 96 4561
82 97 5209
82 98 8702
82 99 6395
82 100 5582
82 101 8631
82 102 442
82 103 2303
82 104 3998
82 105 4430
82 106 5938
82 107 5258
82 108 9673
82 109 3108
82 110 1494
82 111 5314
82 112 4944
82 113 9420
82 114 2035
82 115 4665
82 116 3114
82 117 2254
82 118 686
82 119 2315
83 84 6895
83 85 6402
83 86 7007
83 87 3426
83 88 997
83 89 1391
83 90 3866
83 91 759
83 92 5179
83 93 95
83 94 6429
83 95 3792
83 96 8639
83 97 2060
83 98 7233
83 99 8334
83 100 3789
83 101 7804
83 102 3219
83 103 7078
83 104 7440
83 105 8817
83 106 3470
83 107 5144
83 108 3733
83 109 4922
83 110 3832
83 111 5353
83 112 2531
83 113 1437
83 114 9020
83 115 464
83 116 4933
83 117 9417
83 118 1360
83 119 6850
84 85 9406
84 86 938
84 87 8875
84 88 6728
84 89 189
84 90 7176
84 91 1421
84 92 3541
84 93 5137
84 94 4948
84 95 9348
84 96 5108
84 97 3053
84 98 9938
84 99 1994
84 100 1172
84 101 836
84 102 6562
84 103 3128
84 104 2211
84 105 6899
84 106 3098
84 107 2840
84 108 5819
84 109 509
84 110 3011
84 111 9149
84 112 8588
84 113 4619
84 114 1501
84 115 6345
84 116 5128
84 117 5491
84 118 4747
84 119 5206
85 86 8848
85 87 4382
85 88 2594
85 89 3559
85 90 7620
85 91 6353
85 92 8684
85 93 6220
85 94 8940
85 95 4280
85 96 5710
85 97 2380
85 98 7410
85 99 1844
85 100 849
85 101 2238
85 102 5246
85 103 9890
85 104 8246
85 105 9791
85 106 9239
85 107 1447
85 108 4931
85 109 5135
85 110 6991
85 111 7586
85 112 1301
85 113 4354
85 114 7309
85 115 6286
85 116 5416
85 117 3669
85 118 1653
85 119 8381
86 87 4104
86 88 344
86 89 4017
86 90 2057
86 91 6550
86 92 8293
86 93 5340
86 94 990
86 95 819
86 96 533
86 97 6737
86 98 4000
86 99 3918
86 100 3825
86 101 9393
86 102 2181
86 103 7610
86 104 8354
86 105 8915
86 106 4516
86 107 400
86 108 2199
86 109 6847
86 110 8591
86 111 9767
86 112 9102
86 113 4575
86 114 3858
86 115 6605
86 116 3349
86 117 5279
86 118 9762
86 119 3669
87 88 304
87 89 3523
87 90 6798
87 91 8123
87 92 9614
87 93 1883
87 94 3445
87 95 4779
87 96 8899
87 97 7001
87 98 4363
87 99 8533
87 100 8881
87 101 1971
87 102 9421
87 103 2095
87 104 4895
87 105 5168
87 106 1092
87 107 23
87 108 2424
87 109 7767
87 110 7971
87 111 9447
87 112 5529
87 113 9744
87 114 9600
87 115 3953
87 116 6832
87 117 9387
87 118 4823
87 119 4369
88 89 6252
88 90 8465
88 91 9031
88 92 7991
88 93 6279
88 94 4944
88 95 3565
88 96 5718
88 97 9508
88 98 3940
88 99 9941
88 100 265
88 101 9836
88 102 2028
88 103 7836
88 104 7375
88 105 8562
88 106 7655
88 107 206
88 108 1986
88 109 1446
88 110 296
88 111 4957
88 112 7105
88 113 6331
88 114 6831
88 115 1830
88 116 8787
88 117 1112
88 118 5608
88 119 1318
89 90 7976
89 91 98
89 92 7059
89 93 8103
89 94 3987
89 95 1981
89 96 3707
89 97 1548
89 98 3028
89 99 4681
89 100 5300
89 101 5935
89 102 8607
89 103 817
89 104 6967
89 105 4793
89 106 2402
89 107 397
89 108 3804
89 109 9829
89 110 5308
89 111 8259
89 112 1316
89 113 3439
89 114 1838
89 115 3633
89 116 8773
89 117 8987
89 118 3566
89 119 9761
90 91 5881
90 92 5049
90 93 1273
90 94 5346
90 95 2443
90 96 6991
90 97 7173
90 98 474
90 99 2742
90 100 5498
90 101 6542
90 102 2831
90 103 2961
90 104 75
90 105 9532
90 106 7925
90 107 6366
90 108 7608
90 109 2826
90 110 4854
90 111 4644
90 112 1094
90 113 7759
90 114 9665
90 115 7238
90 116 3376
90 117 6910
90 118 3298
90 119 7022
91 92 4524
91 93 170
91 94 5427
91 95 8045
91 96 4758
91 97 6159
91 98 8550
91 99 7166
91 100 4331
91 101 3522
91 102 3690
91 103 8880
91 104 2708
91 105 3663
91 106 2838
91 107 9404
91 108 6478
91 109 799
91 110 4213
91 111 6417
91 112 2
91 113 6174
91 114 738
91 115 9831
91 116 1861
91 117 1470
91 118 9472
91 119 7863
92 93 8081
92 94 7992
92 95 7396
92 96 3173
92 97 7809
92 98 1567
92 99 3384
92 100 7974
92 101 9192
92 102 8143
92 103 4016
92 104 92
92 105 2688
92 106 9822
92 107 6184
92 108 631
92 109 8747
92 110 2337
92 111 5360
92 112 9734
92 113 1331
92 114 5935
92 115 698
92 116 6693
92 117 5156
92 118 4814
92 119 1603
93 94 2907
93 95 4033
93 96 2941
93 97 2104
93 98 1698
93 99 6944
93 100 2433
93 101 2770
93 102 65
93 103 6382
93 104 1231
93 105 1944
93 106 6197
93 107 1412
93 108 206
93 109 6137
93 110 241
93 111 2713
93 112 8117
93 113 5417
93 114 5320
93 115 3978
93 116 2427
93 117 8265
93 118 5511
93 119 7748
94 95 7083
94 96 194
94 97 7909
94 98 9451
94 99 899
94 100 1503
94 101 7366
94 102 3206
94 103 1705
94 104 7288
94 105 5472
94 106 2718
94 107 70
94 108 5024
94 109 8738
94 110 5702
94 111 1371
94 112 5057
94 113 4901
94 114 5871
94 115 8567
94 116 6346
94 117 7136
94 118 1902
94 119 4951
95 96 2752
95 97 9648
95 98 6873
95 99 2194
95 100 7312
95 101 6978
95 102 3182
95 103 7871
95 104 423
95 105 5124
95 106 5429
95 107 1013
95 108 3748
95 109 5760
95 110 809
95 111 3200
95 112 7530
95 113 9396
95 114 2200
95 115 933
95 116 4584
95 117 926
95 118 9837
95 119 9684
96 97 3040
96 98 8388
96 99 760
96 100 6506
96 101 3872
96 102 1679
96 103 1334
96 104 3994
96 105 9149
96 106 2646
96 107 8858
96 108 4703
96 109 7565
96 110 1589
96 111 4595
96 112 530
96 113 5581
96 114 5832
96 115 1597
96 116 6945
96 117 7380
96 118 1659
96 119 8353
97 98 9664
97 99 7045
97 100 6510
97 101 239
97 102 6316
97 103 3620
97 104 4182
97 105 2408
97 106 6427
97 107 3821
97 108 7700
97 109 9004
97 110 4390
97 111 3604
97 112 1038
97 113 600
97 114 2807
97 115 3108
97 116 507
97 117 3048
97 118 9008
97 119 5323
98 99 4874
98 100 5002
98 101 2126
98 102 166
98 103 9966
98 104 6596
98 105 699
98 106 2346
98 107 2540
98 108 3276
98 109 4387
98 110 3551
98 111 2878
98 112 1103
98 113 3336
98 114 8399
98 115 8520
98 116 7045
98 117 21
98 118 8766
98 119 742
99 100 6974
99 101 9181
99 102 9580
99 103 527
99 104 1912
99 105 4732
99 106 6997
99 107 2218
99 108 7067
99 109 3728
99 110 8347
99 111 5361
99 112 4030
99 113 8647
99 114 84
99 115 6168
99 116 4770
99 117 8566
99 118 1564
99 119 2924
100 101 5177
100 102 9092
100 103 5973
100 104 8382
100 105 3235
100 106 7117
100 107 6311
100 108 922
100 109 7791
100 110 2174
100 111 7539
100 112 6413
100 113 1127
100 114 8463
100 115 7473
100 116 8391
100 117 7713
100 118 826
100 119 1419
101 102 7266
101 103 1316
101 104 4632
101 105 3085
101 106 9819
101 107 9828
101 108 3069
101 109 1150
101 110 2407
101 111 4190
101 112 4644
101 113 3166
101 114 2413
101 115 2796
101 116 8967
101 117 5150
101 118 8616
101 119 9948
102 103 2113
102 104 4607
102 105 8151
102 106 6829
102 107 3989
102 108 1531
102 109 3513
102 110 4729
102 111 9465
102 112 8571
102 113 6012
102 114 4085
102 115 2349
102 116 7613
102 117 2287
102 118 3850
102 119 8407
103 104 4554
103 105 4038
103 106 1767
103 107 9294
103 108 5703
103 109 946
103 110 4346
103 111 7127
103 112 8240
103 113 7911
103 114 4889
103 115 4947
103 116 9455
103 117 2079
103 118 4921
103 119 2328
104 105 7635
104 106 6181
104 107 3739
104 108 8279
104 109 1178
104 110 3748
104 111 3735
104 112 4937
104 113 9944
104 114 4523
104 115 4530
104 116 9837
104 117 1445
104 118 5316
104 119 688
105 106 7965
105 107 6549
105 108 1732
105 109 7561
105 110 4734
105 111 5943
105 112 1157
105 113 3265
105 114 7288
105 115 8375
105 116 1093
105 117 5640
105 118 8208
105 119 2027
106 107 5860
106 108 4015
106 109 1937
106 110 6436
106 111 6901
106 112 443
106 113 7988
106 114 9738
106 115 541
106 116 8209
106 117 1036
106 118 2880
106 119 1625
107 108 264
107 109 6478
107 110 1557
107 111 882
107 112 9524
107 113 6564
107 114 8758
107 115 2506
107 116 9663
107 117 1535
107 118 2289
107 119 2599
108 109 8524
108 110 6545
108 111 359
108 112 3431
108 113 9085
108 114 6123
108 115 3923
108 116 3843
108 117 5510
108 118 7033
108 119 2762
109 110 4210
109 111 8065
109 112 8051
109 113 6535
109 114 7961
109 115 1156
109 116 4608
109 117 1175
109 118 9095
109 119 5028
110 111 3181
110 112 3563
110 113 7674
110 114 6209
110 115 3306
110 116 5094
110 117 8663
110 118 478
110 119 4060
111 112 320
111 113 9450
111 114 7785
111 115 4122
111 116 1409
111 117 725
111 118 4491
111 119 2411
112 113 2317
112 114 415
112 115 6583
112 116 8756
112 117 4645
112 118 7686
112 119 7847
113 114 2438
113 115 9680
113 116 5660
113 117 5225
113 118 5037
113 119 931
114 115 544
114 116 2791
114 117 3960
114 118 9341
114 119 7250
115 116 4221
115 117 1984
115 118 4595
115 119 114
116 117 2306
116 118 5170
116 119 8535
117 118 1195
117 119 103
118 119 4918
