80 3160
0 1 3
0 2 4
0 3 5
0 4 4
0 5 4
0 6 1
0 7 5
0 8 2
0 9 5
0 10 4
0 11 5
0 12 4
0 13 3
0 14 3
0 15 2
0 16 4
0 17 4
0 18 5
0 19 5
0 20 3
0 21 5
0 22 3
0 23 4
0 24 5
0 25 2
0 26 1
0 27 5
0 28 2
0 29 3
0 30 3
0 31 1
0 32 5
0 33 5
0 34 2
0 35 1
0 36 2
0 37 5
0 38 4
0 39 3
0 40 2
0 41 3
0 42 3
0 43 2
0 44 1
0 45 4
0 46 4
0 47 5
0 48 2
0 49 2
0 50 5
0 51 4
0 52 1
0 53 4
0 54 5
0 55 2
0 56 3
0 57 1
0 58 5
0 59 5
0 60 1
0 61 2
0 62 5
0 63 5
0 64 4
0 65 1
0 66 3
0 67 2
0 68 3
0 69 5
0 70 5
0 71 1
0 72 5
0 73 1
0 74 3
0 75 1
0 76 1
0 77 3
0 78 2
0 79 2
1 2 1
1 3 3
1 4 2
1 5 2
1 6 2
1 7 1
1 8 4
1 9 1
1 10 1
1 11 4
1 12 4
1 13 5
1 14 1
1 15 4
1 16 1
1 17 4
1 18 2
1 19 2
1 20 2
1 21 5
1 22 5
1 23 5
1 24 1
1 25 4
1 26 1
1 27 3
1 28 1
1 29 2
1 30 5
1 31 1
1 32 2
1 33 3
1 34 1
1 35 5
1 36 5
1 37 5
1 38 4
1 39 3
1 40 3
1 41 3
1 42 5
1 43 3
1 44 5
1 45 2
1 46 3
1 47 3
1 48 4
1 49 3
1 50 3
1 51 1
1 52 1
1 53 3
1 54 1
1 55 1
1 56 3
1 57 3
1 58 4
1 59 5
1 60 1
1 61 4
1 62 1
1 63 1
1 64 5
1 65 3
1 66 3
1 67 2
1 68 1
1 69 3
1 70 4
1 71 3
1 72 2
1 73 1
1 74 5
1 75 5
1 76 4
1 77 3
1 78 3
1 79 3
2 3 3
2 4 4
2 5 2
2 6 4
2 7 5
2 8 3
2 9 2
2 10 2
2 11 1
2 12 3
2 13 1
2 14 4
2 15 5
2 16 5
2 17 2
2 18 2
2 19 3
2 20 2
2 21 3
2 22 2
2 23 1
2 24 1
2 25 2
2 26 2
2 27 1
2 28 1
2 29 5
2 30 5
2 31 5
2 32 1
2 33 3
2 34 1
2 35 1
2 36 3
2 37 5
2 38 1
2 39 3
2 40 5
2 41 2
2 42 5
2 43 1
2 44 1
2 45 1
2 46 4
2 47 5
2 48 4
2 49 4
2 50 4
2 51 4
2 52 3
2 53 2
2 54 1
2 55 4
2 56 5
2 57 2
2 58 2
2 59 5
2 60 2
2 61 4
2 62 3
2 63 1
2 64 2
2 65 3
2 66 4
2 67 3
2 68 5
2 69 5
2 70 5
2 71 4
2 72 3
2 73 5
2 74 5
2 75 5
2 76 5
2 77 2
2 78 5
2 79 3
3 4 3
3 5 1
3 6 1
3 7 1
3 8 5
3 9 4
3 10 1
3 11 3
3 12 1
3 13 3
3 14 2
3 15 5
3 16 2
3 17 5
3 18 3
3 19 5
3 20 5
3 21 3
3 22 2
3 23 2
3 24 1
3 25 3
3 26 4
3 27 2
3 28 4
3 29 1
3 30 1
3 31 4
3 32 3
3 33 3
3 34 4
3 35 1
3 36 5
3 37 2
3 38 3
3 39 3
3 40 3
3 41 3
3 42 2
3 43 2
3 44 5
3 45 1
3 46 4
3 47 3
3 48 1
3 49 2
3 50 4
3 51 2
3 52 4
3 53 3
3 54 4
3 55 5
3 56 5
3 57 1
3 58 4
3 59 3
3 60 5
3 61 1
3 62 2
3 63 5
3 64 1
3 65 4
3 66 4
3 67 5
3 68 1
3 69 2
3 70 5
3 71 1
3 72 4
3 73 1
3 74 2
3 75 2
3 76 4
3 77 1
3 78 5
3 79 3
4 5 3
4 6 5
4 7 5
4 8 2
4 9 4
4 10 2
4 11 4
4 12 4
4 13 3
4 14 2
4 15 2
4 16 4
4 17 4
4 18 4
4 19 5
4 20 5
4 21 4
4 22 1
4 23 5
4 24 2
4 25 1
4 26 5
4 27 5
4 28 5
4 29 1
4 30 3
4 31 4
4 32 2
4 33 4
4 34 4
4 35 4
4 36 2
4 37 2
4 38 4
4 39 1
4 40 3
4 41 4
4 42 2
4 43 1
4 44 1
4 45 1
4 46 3
4 47 5
4 48 3
4 49 4
4 50 1
4 51 5
4 52 4
4 53 5
4 54 2
4 55 5
4 56 2
4 57 4
4 58 3
4 59 2
4 60 5
4 61 5
4 62 4
4 63 5
4 64 2
4 65 2
4 66 1
4 67 2
4 68 1
4 69 4
4 70 5
4 71 1
4 72 5
4 73 3
4 74 4
4 75 3
4 76 1
4 77 5
4 78 2
4 79 1
5 6 4
5 7 4
5 8 1
5 9 5
5 10 3
5 11 5
5 12 4
5 13 3
5 14 2
5 15 3
5 16 2
5 17 1
5 18 3
5 19 2
5 20 5
5 21 4
5 22 5
5 23 2
5 24 1
5 25 5
5 26 1
5 27 2
5 28 3
5 29 4
5 30 2
5 31 1
5 32 4
5 33 2
5 34 3
5 35 2
5 36 5
5 37 5
5 38 1
5 39 4
5 40 5
5 41 5
5 42 1
5 43 3
5 44 1
5 45 2
5 46 2
5 47 5
5 48 1
5 49 3
5 50 2
5 51 3
5 52 1
5 53 3
5 54 2
5 55 3
5 56 3
5 57 2
5 58 4
5 59 4
5 60 2
5 61 3
5 62 2
5 63 4
5 64 5
5 65 5
5 66 5
5 67 4
5 68 1
5 69 4
5 70 3
5 71 2
5 72 5
5 73 5
5 74 3
5 75 2
5 76 5
5 77 5
5 78 1
5 79 4
6 7 1
6 8 1
6 9 3
6 10 5
6 11 5
6 12 4
6 13 4
6 14 5
6 15 1
6 16 1
6 17 5
6 18 4
6 19 5
6 20 3
6 21 5
6 22 5
6 23 5
6 24 4
6 25 4
6 26 4
6 27 2
6 28 4
6 29 1
6 30 3
6 31 5
6 32 1
6 33 4
6 34 4
6 35 4
6 36 3
6 37 4
6 38 3
6 39 1
6 40 3
6 41 1
6 42 5
6 43 5
6 44 1
6 45 1
6 46 3
6 47 5
6 48 1
6 49 4
6 50 3
6 51 3
6 52 5
6 53 2
6 54 1
6 55 2
6 56 4
6 57 4
6 58 1
6 59 5
6 60 5
6 61 4
6 62 5
6 63 2
6 64 2
6 65 3
6 66 2
6 67 2
6 68 2
6 69 4
6 70 4
6 71 5
6 72 5
6 73 4
6 74 2
6 75 4
6 76 4
6 77 5
6 78 1
6 79 2
7 8 5
7 9 2
7 10 1
7 11 5
7 12 2
7 13 1
7 14 3
7 15 2
7 16 1
7 17 4
7 18 4
7 19 4
7 20 2
7 21 5
7 22 5
7 23 5
7 24 1
7 25 1
7 26 3
7 27 2
7 28 3
7 29 4
7 30 5
7 31 5
7 32 5
7 33 3
7 34 3
7 35 1
7 36 1
7 37 3
7 38 1
7 39 4
7 40 5
7 41 3
7 42 2
7 43 3
7 44 1
7 45 1
7 46 4
7 47 4
7 48 3
7 49 1
7 50 1
7 51 3
7 52 1
7 53 5
7 54 3
7 55 1
7 56 5
7 57 5
7 58 3
7 59 3
7 60 4
7 61 1
7 62 1
7 63 1
7 64 1
7 65 2
7 66 3
7 67 4
7 68 5
7 69 2
7 70 3
7 71 5
7 72 2
7 73 4
7 74 3
7 75 5
7 76 4
7 77 4
7 78 2
7 79 3
8 9 4
8 10 1
8 11 2
8 12 3
8 13 2
8 14 4
8 15 2
8 16 5
8 17 2
8 18 1
8 19 5
8 20 3
8 21 3
8 22 3
8 23 3
8 24 5
8 25 2
8 26 5
8 27 3
8 28 2
8 29 1
8 30 2
8 31 2
8 32 2
8 33 1
8 34 3
8 35 1
8 36 4
8 37 4
8 38 4
8 39 3
8 40 1
8 41 3
8 42 2
8 43 5
8 44 2
8 45 1
8 46 2
8 47 4
8 48 1
8 49 5
8 50 3
8 51 3
8 52 4
8 53 4
8 54 3
8 55 5
8 56 3
8 57 5
8 58 1
8 59 4
8 60 2
8 61 4
8 62 2
8 63 2
8 64 1
8 65 4
8 66 4
8 67 4
8 68 5
8 69 2
8 70 1
8 71 4
8 72 1
8 73 2
8 74 3
8 75 1
8 76 3
8 77 4
8 78 5
8 79 4
9 10 3
9 11 5
9 12 3
9 13 1
9 14 2
9 15 5
9 16 2
9 17 5
9 18 3
9 19 5
9 20 3
9 21 1
9 22 1
9 23 1
9 24 5
9 25 1
9 26 3
9 27 2
9 28 2
9 29 5
9 30 5
9 31 4
9 32 4
9 33 5
9 34 2
9 35 2
9 36 3
9 37 4
9 38 3
9 39 5
9 40 3
9 41 1
9 42 2
9 43 1
9 44 4
9 45 5
9 46 2
9 47 1
9 48 1
9 49 5
9 50 3
9 51 5
9 52 2
9 53 1
9 54 4
9 55 1
9 56 4
9 57 4
9 58 4
9 59 4
9 60 4
9 61 3
9 62 3
9 63 3
9 64 5
9 65 5
9 66 2
9 67 2
9 68 4
9 69 3
9 70 3
9 71 3
9 72 1
9 73 2
9 74 4
9 75 1
9 76 5
9 77 5
9 78 1
9 79 2
10 11 3
10 12 3
10 13 1
10 14 2
10 15 5
10 16 5
10 17 2
10 18 1
10 19 3
10 20 2
10 21 1
10 22 5
10 23 3
10 24 3
10 25 3
10 26 3
10 27 2
10 28 3
10 29 3
10 30 5
10 31 4
10 32 5
10 33 1
10 34 1
10 35 3
10 36 4
10 37 5
10 38 3
10 39 3
10 40 4
10 41 3
10 42 5
10 43 3
10 44 1
10 45 1
10 46 1
10 47 3
10 48 1
10 49 3
10 50 5
10 51 1
10 52 2
10 53 1
10 54 1
10 55 3
10 56 3
10 57 2
10 58 1
10 59 3
10 60 1
10 61 3
10 62 5
10 63 1
10 64 4
10 65 3
10 66 4
10 67 5
10 68 3
10 69 5
10 70 2
10 71 4
10 72 1
10 73 1
10 74 3
10 75 1
10 76 4
10 77 5
10 78 5
10 79 3
11 12 5
11 13 1
11 14 1
11 15 2
11 16 5
11 17 3
11 18 1
11 19 5
11 20 2
11 21 3
11 22 1
11 23 3
11 24 3
11 25 5
11 26 3
11 27 1
11 28 5
11 29 4
11 30 1
11 31 2
11 32 2
11 33 4
11 34 4
11 35 1
11 36 3
11 37 5
11 38 4
11 39 5
11 40 1
11 41 3
11 42 4
11 43 2
11 44 3
11 45 1
11 46 2
11 47 3
11 48 4
11 49 3
11 50 2
11 51 4
11 52 5
11 53 4
11 54 1
11 55 3
11 56 2
11 57 2
11 58 2
11 59 3
11 60 4
11 61 5
11 62 2
11 63 5
11 64 5
11 65 5
11 66 2
11 67 3
11 68 5
11 69 3
11 70 1
11 71 5
11 72 1
11 73 2
11 74 3
11 75 3
11 76 3
11 77 5
11 78 5
11 79 5
12 13 1
12 14 3
12 15 1
12 16 3
12 17 5
12 18 1
12 19 5
12 20 3
12 21 3
12 22 2
12 23 1
12 24 5
12 25 2
12 26 1
12 27 5
12 28 5
12 29 1
12 30 4
12 31 2
12 32 3
12 33 1
12 34 5
12 35 2
12 36 1
12 37 3
12 38 3
12 39 3
12 40 1
12 41 1
12 42 2
12 43 3
12 44 2
12 45 3
12 46 5
12 47 2
12 48 4
12 49 4
12 50 3
12 51 5
12 52 2
12 53 5
12 54 1
12 55 4
12 56 2
12 57 5
12 58 2
12 59 2
12 60 5
12 61 4
12 62 2
12 63 1
12 64 2
12 65 4
12 66 5
12 67 2
12 68 4
12 69 5
12 70 2
12 71 4
12 72 4
12 73 4
12 74 5
12 75 5
12 76 2
12 77 2
12 78 3
12 79 1
13 14 3
13 15 5
13 16 2
13 17 3
13 18 2
13 19 2
13 20 3
13 21 5
13 22 1
13 23 5
13 24 5
13 25 3
13 26 2
13 27 2
13 28 3
13 29 4
13 30 4
13 31 2
13 32 4
13 33 4
13 34 4
13 35 5
13 36 2
13 37 2
13 38 3
13 39 4
13 40 5
13 41 1
13 42 4
13 43 5
13 44 5
13 45 4
13 46 2
13 47 1
13 48 1
13 49 4
13 50 4
13 51 2
13 52 3
13 53 1
13 54 2
13 55 1
13 56 2
13 57 4
13 58 1
13 59 3
13 60 5
13 61 5
13 62 2
13 63 2
13 64 1
13 65 2
13 66 3
13 67 4
13 68 2
13 69 3
13 70 5
13 71 4
13 72 4
13 73 1
13 74 4
13 75 5
13 76 1
13 77 5
13 78 3
13 79 4
14 15 4
14 16 1
14 17 3
14 18 5
14 19 4
14 20 3
14 21 1
14 22 3
14 23 2
14 24 5
14 25 2
14 26 1
14 27 1
14 28 2
14 29 4
14 30 2
14 31 1
14 32 1
14 33 2
14 34 2
14 35 5
14 36 2
14 37 4
14 38 1
14 39 1
14 40 2
14 41 5
14 42 3
14 43 2
14 44 2
14 45 3
14 46 4
14 47 3
14 48 3
14 49 1
14 50 5
14 51 1
14 52 4
14 53 5
14 54 4
14 55 5
14 56 1
14 57 3
14 58 5
14 59 4
14 60 5
14 61 1
14 62 1
14 63 4
14 64 2
14 65 4
14 66 4
14 67 4
14 68 4
14 69 2
14 70 1
14 71 4
14 72 3
14 73 5
14 74 3
14 75 4
14 76 2
14 77 2
14 78 4
14 79 1
15 16 2
15 17 5
15 18 2
15 19 2
15 20 3
15 21 4
15 22 4
15 23 2
15 24 4
15 25 2
15 26 4
15 27 5
15 28 3
15 29 5
15 30 4
15 31 5
15 32 4
15 33 1
15 34 2
15 35 5
15 36 1
15 37 3
15 38 3
15 39 1
15 40 1
15 41 2
15 42 1
15 43 1
15 44 4
15 45 1
15 46 5
15 47 1
15 48 3
15 49 1
15 50 4
15 51 5
15 52 4
15 53 1
15 54 5
15 55 5
15 56 1
15 57 2
15 58 1
15 59 1
15 60 1
15 61 2
15 62 1
15 63 4
15 64 2
15 65 1
15 66 1
15 67 5
15 68 5
15 69 4
15 70 4
15 71 5
15 72 5
15 73 5
15 74 3
15 75 3
15 76 4
15 77 5
15 78 3
15 79 2
16 17 3
16 18 2
16 19 1
16 20 5
16 21 3
16 22 5
16 23 1
16 24 3
16 25 2
16 26 4
16 27 1
16 28 3
16 29 3
16 30 5
16 31 3
16 32 4
16 33 2
16 34 3
16 35 2
16 36 5
16 37 4
16 38 4
16 39 1
16 40 1
16 41 4
16 42 4
16 43 1
16 44 3
16 45 4
16 46 1
16 47 2
16 48 4
16 49 4
16 50 2
16 51 5
16 52 2
16 53 4
16 54 4
16 55 2
16 56 3
16 57 5
16 58 3
16 59 5
16 60 4
16 61 2
16 62 4
16 63 3
16 64 3
16 65 5
16 66 4
16 67 5
16 68 1
16 69 4
16 70 1
16 71 3
16 72 1
16 73 1
16 74 3
16 75 3
16 76 1
16 77 5
16 78 1
16 79 5
17 18 5
17 19 3
17 20 5
17 21 5
17 22 5
17 23 5
17 24 1
17 25 5
17 26 4
17 27 5
17 28 4
17 29 3
17 30 4
17 31 5
17 32 4
17 33 5
17 34 3
17 35 1
17 36 4
17 37 2
17 38 5
17 39 3
17 40 2
17 41 3
17 42 1
17 43 1
17 44 5
17 45 2
17 46 4
17 47 1
17 48 4
17 49 4
17 50 4
17 51 4
17 52 1
17 53 3
17 54 3
17 55 1
17 56 5
17 57 5
17 58 5
17 59 1
17 60 1
17 61 3
17 62 2
17 63 1
17 64 5
17 65 4
17 66 3
17 67 1
17 68 1
17 69 4
17 70 1
17 71 4
17 72 5
17 73 1
17 74 2
17 75 4
17 76 2
17 77 4
17 78 4
17 79 4
18 19 3
18 20 5
18 21 4
18 22 3
18 23 3
18 24 2
18 25 2
18 26 4
18 27 3
18 28 2
18 29 3
18 30 3
18 31 4
18 32 5
18 33 4
18 34 4
18 35 1
18 36 3
18 37 3
18 38 4
18 39 4
18 40 5
18 41 4
18 42 4
18 43 2
18 44 1
18 45 1
18 46 4
18 47 4
18 48 4
18 49 3
18 50 3
18 51 5
18 52 1
18 53 5
18 54 5
18 55 1
18 56 3
18 57 3
18 58 3
18 59 1
18 60 5
18 61 1
18 62 5
18 63 5
18 64 1
18 65 4
18 66 5
18 67 2
18 68 3
18 69 1
18 70 1
18 71 5
18 72 5
18 73 3
18 74 5
18 75 4
18 76 1
18 77 5
18 78 4
18 79 1
19 20 5
19 21 5
19 22 5
19 23 3
19 24 1
19 25 2
19 26 2
19 27 1
19 28 1
19 29 2
19 30 4
19 31 4
19 32 2
19 33 2
19 34 1
19 35 5
19 36 5
19 37 2
19 38 4
19 39 3
19 40 3
19 41 3
19 42 3
19 43 2
19 44 3
19 45 1
19 46 4
19 47 4
19 48 5
19 49 5
19 50 1
19 51 1
19 52 3
19 53 3
19 54 3
19 55 2
19 56 2
19 57 5
19 58 5
19 59 2
19 60 5
19 61 1
19 62 3
19 63 2
19 64 1
19 65 4
19 66 5
19 67 1
19 68 2
19 69 1
19 70 2
19 71 5
19 72 1
19 73 1
19 74 4
19 75 2
19 76 4
19 77 4
19 78 5
19 79 2
20 21 5
20 22 2
20 23 5
20 24 5
20 25 2
20 26 5
20 27 2
20 28 1
20 29 1
20 30 2
20 31 1
20 32 1
20 33 1
20 34 4
20 35 4
20 36 5
20 37 3
20 38 1
20 39 3
20 40 2
20 41 5
20 42 3
20 43 3
20 44 3
20 45 2
20 46 1
20 47 5
20 48 1
20 49 1
20 50 5
20 51 4
20 52 4
20 53 3
20 54 3
20 55 4
20 56 5
20 57 3
20 58 3
20 59 1
20 60 4
20 61 5
20 62 5
20 63 2
20 64 1
20 65 1
20 66 1
20 67 5
20 68 5
20 69 1
20 70 4
20 71 4
20 72 1
20 73 3
20 74 2
20 75 2
20 76 3
20 77 2
20 78 2
20 79 4
21 22 4
21 23 3
21 24 4
21 25 4
21 26 3
21 27 3
21 28 5
21 29 3
21 30 3
21 31 2
21 32 3
21 33 2
21 34 2
21 35 5
21 36 3
21 37 3
21 38 1
21 39 5
21 40 4
21 41 4
21 42 1
21 43 5
21 44 3
21 45 4
21 46 1
21 47 4
21 48 4
21 49 1
21 50 3
21 51 5
21 52 1
21 53 4
21 54 4
21 55 4
21 56 5
21 57 5
21 58 4
21 59 2
21 60 1
21 61 3
21 62 4
21 63 3
21 64 2
21 65 3
21 66 2
21 67 4
21 68 3
21 69 5
21 70 4
21 71 5
21 72 4
21 73 1
21 74 1
21 75 4
21 76 3
21 77 5
21 78 4
21 79 3
22 23 5
22 24 1
22 25 5
22 26 4
22 27 4
22 28 5
22 29 5
22 30 1
22 31 4
22 32 4
22 33 5
22 34 2
22 35 4
22 36 3
22 37 1
22 38 5
22 39 2
22 40 2
22 41 4
22 42 4
22 43 1
22 44 1
22 45 1
22 46 1
22 47 1
22 48 3
22 49 5
22 50 2
22 51 1
22 52 5
22 53 3
22 54 2
22 55 5
22 56 4
22 57 1
22 58 5
22 59 3
22 60 2
22 61 3
22 62 5
22 63 1
22 64 5
22 65 1
22 66 5
22 67 5
22 68 1
22 69 5
22 70 4
22 71 1
22 72 3
22 73 5
22 74 3
22 75 4
22 76 1
22 77 1
22 78 2
22 79 4
23 24 2
23 25 5
23 26 4
23 27 1
23 28 2
23 29 4
23 30 4
23 31 5
23 32 3
23 33 4
23 34 2
23 35 1
23 36 3
23 37 4
23 38 2
23 39 1
23 40 3
23 41 3
23 42 2
23 43 1
23 44 5
23 45 2
23 46 5
23 47 3
23 48 3
23 49 5
23 50 4
23 51 4
23 52 2
23 53 3
23 54 3
23 55 4
23 56 5
23 57 3
23 58 5
23 59 1
23 60 3
23 61 3
23 62 4
23 63 1
23 64 1
23 65 1
23 66 3
23 67 2
23 68 5
23 69 1
23 70 3
23 71 4
23 72 1
23 73 1
23 74 2
23 75 2
23 76 3
23 77 1
23 78 4
23 79 1
24 25 1
24 26 5
24 27 3
24 28 2
24 29 5
24 30 4
24 31 5
24 32 1
24 33 3
24 34 1
24 35 5
24 36 3
24 37 5
24 38 2
24 39 2
24 40 3
24 41 4
24 42 1
24 43 5
24 44 2
24 45 4
24 46 5
24 47 4
24 48 5
24 49 2
24 50 2
24 51 2
24 52 2
24 53 4
24 54 1
24 55 4
24 56 3
24 57 5
24 58 4
24 59 4
24 60 2
24 61 1
24 62 1
24 63 1
24 64 3
24 65 4
24 66 5
24 67 4
24 68 5
24 69 4
24 70 4
24 71 5
24 72 5
24 73 5
24 74 3
24 75 1
24 76 5
24 77 3
24 78 2
24 79 3
25 26 3
25 27 3
25 28 4
25 29 3
25 30 4
25 31 4
25 32 4
25 33 5
25 34 1
25 35 4
25 36 2
25 37 1
25 38 1
25 39 5
25 40 1
25 41 5
25 42 2
25 43 5
25 44 2
25 45 3
25 46 1
25 47 1
25 48 2
25 49 1
25 50 5
25 51 4
25 52 3
25 53 3
25 54 4
25 55 4
25 56 4
25 57 4
25 58 2
25 59 1
25 60 4
25 61 2
25 62 2
25 63 2
25 64 3
25 65 5
25 66 2
25 67 4
25 68 5
25 69 1
25 70 4
25 71 3
25 72 2
25 73 2
25 74 4
25 75 4
25 76 2
25 77 2
25 78 2
25 79 3
26 27 3
26 28 5
26 29 2
26 30 5
26 31 2
26 32 5
26 33 2
26 34 5
26 35 5
26 36 5
26 37 2
26 38 4
26 39 2
26 40 3
26 41 4
26 42 2
26 43 5
26 44 1
26 45 5
26 46 5
26 47 3
26 48 5
26 49 2
26 50 1
26 51 5
26 52 2
26 53 2
26 54 5
26 55 1
26 56 4
26 57 3
26 58 3
26 59 3
26 60 4
26 61 2
26 62 1
26 63 3
26 64 2
26 65 5
26 66 5
26 67 5
26 68 3
26 69 1
26 70 2
26 71 5
26 72 2
26 73 3
26 74 2
26 75 1
26 76 1
26 77 3
26 78 4
26 79 4
27 28 3
27 29 3
27 30 1
27 31 4
27 32 4
27 33 1
27 34 1
27 35 5
27 36 4
27 37 1
27 38 1
27 39 3
27 40 3
27 41 4
27 42 4
27 43 4
27 44 4
27 45 1
27 46 5
27 47 1
27 48 5
27 49 1
27 50 4
27 51 2
27 52 4
27 53 2
27 54 5
27 55 2
27 56 3
27 57 5
27 58 4
27 59 3
27 60 5
27 61 4
27 62 2
27 63 4
27 64 5
27 65 5
27 66 4
27 67 5
27 68 2
27 69 5
27 70 4
27 71 5
27 72 2
27 73 2
27 74 4
27 75 4
27 76 5
27 77 1
27 78 5
27 79 3
28 29 5
28 30 3
28 31 4
28 32 1
28 33 5
28 34 4
28 35 2
28 36 5
28 37 5
28 38 5
28 39 1
28 40 4
28 41 4
28 42 3
28 43 2
28 44 2
28 45 3
28 46 4
28 47 5
28 48 4
28 49 3
28 50 4
28 51 5
28 52 4
28 53 1
28 54 5
28 55 1
28 56 2
28 57 3
28 58 4
28 59 2
28 60 4
28 61 2
28 62 4
28 63 5
28 64 3
28 65 3
28 66 2
28 67 1
28 68 5
28 69 2
28 70 5
28 71 4
28 72 1
28 73 3
28 74 5
28 75 1
28 76 1
28 77 4
28 78 3
28 79 1
29 30 5
29 31 1
29 32 2
29 33 2
29 34 3
29 35 5
29 36 5
29 37 3
29 38 5
29 39 2
29 40 3
29 41 4
29 42 1
29 43 3
29 44 1
29 45 4
29 46 4
29 47 3
29 48 5
29 49 5
29 50 3
29 51 5
29 52 3
29 53 5
29 54 1
29 55 3
29 56 4
29 57 1
29 58 1
29 59 5
29 60 1
29 61 2
29 62 5
29 63 2
29 64 2
29 65 5
29 66 3
29 67 3
29 68 1
29 69 3
29 70 3
29 71 5
29 72 2
29 73 4
29 74 1
29 75 4
29 76 1
29 77 1
29 78 5
29 79 5
30 31 2
30 32 1
30 33 2
30 34 5
30 35 3
30 36 2
30 37 4
30 38 3
30 39 4
30 40 1
30 41 5
30 42 3
30 43 1
30 44 5
30 45 1
30 46 1
30 47 1
30 48 3
30 49 5
30 50 5
30 51 1
30 52 5
30 53 4
30 54 2
30 55 4
30 56 5
30 57 5
30 58 1
30 59 1
30 60 1
30 61 1
30 62 5
30 63 3
30 64 5
30 65 5
30 66 5
30 67 2
30 68 5
30 69 5
30 70 2
30 71 2
30 72 3
30 73 4
30 74 2
30 75 5
30 76 1
30 77 5
30 78 3
30 79 4
31 32 4
31 33 2
31 34 4
31 35 2
31 36 1
31 37 1
31 38 4
31 39 4
31 40 3
31 41 4
31 42 5
31 43 4
31 44 2
31 45 3
31 46 4
31 47 3
31 48 1
31 49 5
31 50 4
31 51 1
31 52 2
31 53 4
31 54 3
31 55 5
31 56 1
31 57 3
31 58 2
31 59 3
31 60 5
31 61 3
31 62 4
31 63 2
31 64 3
31 65 3
31 66 2
31 67 3
31 68 4
31 69 4
31 70 1
31 71 1
31 72 2
31 73 4
31 74 2
31 75 2
31 76 2
31 77 2
31 78 3
31 79 2
32 33 1
32 34 3
32 35 5
32 36 5
32 37 5
32 38 2
32 39 2
32 40 1
32 41 5
32 42 3
32 43 1
32 44 1
32 45 3
32 46 3
32 47 5
32 48 3
32 49 2
32 50 5
32 51 4
32 52 1
32 53 2
32 54 1
32 55 4
32 56 2
32 57 5
32 58 2
32 59 2
32 60 2
32 61 5
32 62 4
32 63 5
32 64 4
32 65 3
32 66 3
32 67 1
32 68 1
32 69 1
32 70 3
32 71 5
32 72 1
32 73 3
32 74 5
32 75 2
32 76 4
32 77 2
32 78 3
32 79 2
33 34 3
33 35 2
33 36 2
33 37 5
33 38 2
33 39 5
33 40 4
33 41 4
33 42 1
33 43 5
33 44 2
33 45 2
33 46 2
33 47 1
33 48 2
33 49 4
33 50 3
33 51 3
33 52 2
33 53 2
33 54 5
33 55 1
33 56 2
33 57 5
33 58 5
33 59 2
33 60 4
33 61 5
33 62 4
33 63 3
33 64 2
33 65 5
33 66 5
33 67 5
33 68 5
33 69 4
33 70 2
33 71 4
33 72 3
33 73 4
33 74 1
33 75 1
33 76 2
33 77 2
33 78 2
33 79 5
34 35 4
34 36 1
34 37 4
34 38 5
34 39 1
34 40 5
34 41 5
34 42 5
34 43 5
34 44 5
34 45 2
34 46 4
34 47 4
34 48 5
34 49 2
34 50 4
34 51 2
34 52 1
34 53 2
34 54 3
34 55 2
34 56 2
34 57 3
34 58 2
34 59 5
34 60 4
34 61 5
34 62 3
34 63 1
34 64 3
34 65 4
34 66 2
34 67 1
34 68 3
34 69 1
34 70 1
34 71 4
34 72 2
34 73 2
34 74 5
34 75 1
34 76 2
34 77 2
34 78 5
34 79 2
35 36 4
35 37 1
35 38 2
35 39 2
35 40 3
35 41 2
35 42 4
35 43 1
35 44 5
35 45 4
35 46 5
35 47 5
35 48 2
35 49 4
35 50 3
35 51 4
35 52 5
35 53 1
35 54 5
35 55 5
35 56 5
35 57 2
35 58 5
35 59 3
35 60 1
35 61 3
35 62 3
35 63 5
35 64 3
35 65 1
35 66 5
35 67 1
35 68 2
35 69 3
35 70 2
35 71 3
35 72 3
35 73 3
35 74 1
35 75 4
35 76 3
35 77 3
35 78 3
35 79 5
36 37 3
36 38 5
36 39 1
36 40 5
36 41 1
36 42 5
36 43 4
36 44 3
36 45 5
36 46 5
36 47 3
36 48 2
36 49 3
36 50 1
36 51 4
36 52 1
36 53 2
36 54 1
36 55 5
36 56 3
36 57 3
36 58 2
36 59 1
36 60 4
36 61 3
36 62 1
36 63 3
36 64 3
36 65 1
36 66 1
36 67 4
36 68 5
36 69 2
36 70 2
36 71 3
36 72 1
36 73 4
36 74 5
36 75 3
36 76 2
36 77 2
36 78 2
36 79 1
37 38 1
37 39 4
37 40 2
37 41 4
37 42 1
37 43 1
37 44 2
37 45 3
37 46 4
37 47 3
37 48 5
37 49 5
37 50 2
37 51 5
37 52 3
37 53 5
37 54 5
37 55 3
37 56 3
37 57 1
37 58 2
37 59 5
37 60 4
37 61 3
37 62 2
37 63 4
37 64 2
37 65 1
37 66 3
37 67 1
37 68 5
37 69 3
37 70 4
37 71 5
37 72 1
37 73 1
37 74 3
37 75 4
37 76 2
37 77 3
37 78 5
37 79 1
38 39 3
38 40 5
38 41 1
38 42 4
38 43 3
38 44 4
38 45 3
38 46 3
38 47 1
38 48 1
38 49 4
38 50 4
38 51 1
38 52 2
38 53 1
38 54 3
38 55 5
38 56 2
38 57 3
38 58 4
38 59 2
38 60 4
38 61 4
38 62 2
38 63 5
38 64 2
38 65 2
38 66 1
38 67 2
38 68 5
38 69 1
38 70 4
38 71 1
38 72 4
38 73 4
38 74 2
38 75 4
38 76 1
38 77 3
38 78 1
38 79 1
39 40 3
39 41 4
39 42 5
39 43 5
39 44 2
39 45 4
39 46 4
39 47 4
39 48 1
39 49 1
39 50 3
39 51 4
39 52 5
39 53 5
39 54 1
39 55 5
39 56 2
39 57 2
39 58 4
39 59 2
39 60 3
39 61 5
39 62 2
39 63 3
39 64 2
39 65 1
39 66 1
39 67 3
39 68 1
39 69 4
39 70 4
39 71 1
39 72 5
39 73 2
39 74 3
39 75 3
39 76 3
39 77 4
39 78 5
39 79 5
40 41 5
40 42 2
40 43 4
40 44 4
40 45 2
40 46 1
40 47 1
40 48 4
40 49 5
40 50 1
40 51 4
40 52 2
40 53 1
40 54 3
40 55 4
40 56 2
40 57 3
40 58 3
40 59 3
40 60 4
40 61 5
40 62 2
40 63 3
40 64 4
40 65 4
40 66 2
40 67 1
40 68 3
40 69 1
40 70 3
40 71 3
40 72 1
40 73 4
40 74 5
40 75 5
40 76 2
40 77 2
40 78 2
40 79 3
41 42 5
41 43 5
41 44 3
41 45 2
41 46 1
41 47 4
41 48 5
41 49 2
41 50 2
41 51 2
41 52 4
41 53 3
41 54 1
41 55 2
41 56 4
41 57 1
41 58 1
41 59 3
41 60 1
41 61 2
41 62 4
41 63 5
41 64 1
41 65 4
41 66 2
41 67 4
41 68 1
41 69 3
41 70 3
41 71 4
41 72 1
41 73 3
41 74 1
41 75 1
41 76 2
41 77 2
41 78 2
41 79 4
42 43 2
42 44 1
42 45 3
42 46 1
42 47 1
42 48 2
42 49 4
42 50 5
42 51 2
42 52 3
42 53 5
42 54 5
42 55 2
42 56 4
42 57 4
42 58 4
42 59 2
42 60 1
42 61 3
42 62 4
42 63 1
42 64 5
42 65 4
42 66 2
42 67 3
42 68 3
42 69 4
42 70 1
42 71 4
42 72 3
42 73 5
42 74 4
42 75 4
42 76 3
42 77 5
42 78 4
42 79 3
43 44 2
43 45 1
43 46 1
43 47 5
43 48 3
43 49 4
43 50 5
43 51 1
43 52 5
43 53 5
43 54 5
43 55 3
43 56 5
43 57 5
43 58 4
43 59 1
43 60 2
43 61 5
43 62 2
43 63 4
43 64 4
43 65 1
43 66 2
43 67 4
43 68 5
43 69 1
43 70 3
43 71 3
43 72 4
43 73 4
43 74 3
43 75 2
43 76 1
43 77 4
43 78 1
43 79 2
44 45 2
44 46 3
44 47 5
44 48 5
44 49 4
44 50 2
44 51 3
44 52 3
44 53 3
44 54 1
44 55 2
44 56 5
44 57 2
44 58 3
44 59 3
44 60 1
44 61 1
44 62 3
44 63 5
44 64 3
44 65 2
44 66 2
44 67 4
44 68 1
44 69 1
44 70 1
44 71 1
44 72 3
44 73 4
44 74 4
44 75 1
44 76 1
44 77 1
44 78 1
44 79 2
45 46 4
45 47 4
45 48 2
45 49 4
45 50 3
45 51 2
45 52 2
45 53 4
45 54 2
45 55 2
45 56 2
45 57 2
45 58 4
45 59 2
45 60 1
45 61 5
45 62 4
45 63 3
45 64 2
45 65 2
45 66 1
45 67 2
45 68 3
45 69 3
45 70 3
45 71 3
45 72 3
45 73 4
45 74 4
45 75 4
45 76 1
45 77 5
45 78 5
45 79 3
46 47 4
46 48 1
46 49 1
46 50 3
46 51 2
46 52 2
46 53 5
46 54 4
46 55 2
46 56 1
46 57 2
46 58 4
46 59 2
46 60 4
46 61 4
46 62 1
46 63 3
46 64 2
46 65 3
46 66 4
46 67 3
46 68 4
46 69 2
46 70 2
46 71 1
46 72 4
46 73 2
46 74 5
46 75 4
46 76 1
46 77 5
46 78 2
46 79 3
47 48 4
47 49 5
47 50 5
47 51 3
47 52 1
47 53 4
47 54 4
47 55 5
47 56 5
47 57 5
47 58 4
47 59 5
47 60 3
47 61 3
47 62 2
47 63 5
47 64 2
47 65 3
47 66 4
47 67 3
47 68 4
47 69 3
47 70 1
47 71 1
47 72 2
47 73 5
47 74 4
47 75 1
47 76 5
47 77 3
47 78 5
47 79 3
48 49 2
48 50 5
48 51 3
48 52 2
48 53 2
48 54 5
48 55 5
48 56 5
48 57 3
48 58 2
48 59 4
48 60 4
48 61 5
48 62 2
48 63 5
48 64 5
48 65 4
48 66 5
48 67 1
48 68 3
48 69 3
48 70 5
48 71 2
48 72 3
48 73 5
48 74 3
48 75 5
48 76 3
48 77 2
48 78 2
48 79 2
49 50 2
49 51 4
49 52 3
49 53 5
49 54 5
49 55 2
49 56 2
49 57 5
49 58 4
49 59 3
49 60 2
49 61 5
49 62 3
49 63 2
49 64 3
49 65 1
49 66 3
49 67 1
49 68 1
49 69 1
49 70 4
49 71 4
49 72 4
49 73 5
49 74 1
49 75 3
49 76 3
49 77 4
49 78 2
49 79 4
50 51 2
50 52 1
50 53 4
50 54 5
50 55 1
50 56 5
50 57 4
50 58 4
50 59 4
50 60 5
50 61 3
50 62 1
50 63 5
50 64 5
50 65 3
50 66 2
50 67 3
50 68 4
50 69 2
50 70 2
50 71 5
50 72 2
50 73 2
50 74 4
50 75 5
50 76 4
50 77 3
50 78 5
50 79 3
51 52 4
51 53 5
51 54 4
51 55 5
51 56 5
51 57 2
51 58 3
51 59 5
51 60 2
51 61 3
51 62 3
51 63 1
51 64 5
51 65 3
51 66 5
51 67 5
51 68 5
51 69 4
51 70 3
51 71 3
51 72 1
51 73 4
51 74 4
51 75 3
51 76 5
51 77 2
51 78 3
51 79 5
52 53 4
52 54 1
52 55 4
52 56 5
52 57 4
52 58 2
52 59 2
52 60 5
52 61 1
52 62 5
52 63 3
52 64 1
52 65 5
52 66 2
52 67 1
52 68 1
52 69 3
52 70 5
52 71 3
52 72 3
52 73 4
52 74 1
52 75 3
52 76 2
52 77 4
52 78 4
52 79 3
53 54 1
53 55 3
53 56 2
53 57 1
53 58 1
53 59 2
53 60 1
53 61 1
53 62 2
53 63 5
53 64 1
53 65 5
53 66 5
53 67 3
53 68 2
53 69 1
53 70 2
53 71 4
53 72 5
53 73 1
53 74 3
53 75 3
53 76 1
53 77 4
53 78 3
53 79 1
54 55 3
54 56 5
54 57 4
54 58 1
54 59 4
54 60 3
54 61 4
54 62 5
54 63 1
54 64 5
54 65 5
54 66 3
54 67 2
54 68 1
54 69 4
54 70 3
54 71 3
54 72 5
54 73 5
54 74 3
54 75 1
54 76 5
54 77 1
54 78 4
54 79 3
55 56 4
55 57 2
55 58 3
55 59 4
55 60 2
55 61 4
55 62 3
55 63 2
55 64 4
55 65 4
55 66 2
55 67 2
55 68 3
55 69 2
55 70 2
55 71 3
55 72 1
55 73 3
55 74 5
55 75 2
55 76 1
55 77 4
55 78 4
55 79 5
56 57 4
56 58 2
56 59 5
56 60 2
56 61 2
56 62 4
56 63 5
56 64 4
56 65 4
56 66 5
56 67 2
56 68 1
56 69 5
56 70 4
56 71 1
56 72 4
56 73 2
56 74 3
56 75 4
56 76 2
56 77 3
56 78 5
56 79 1
57 58 5
57 59 1
57 60 4
57 61 1
57 62 5
57 63 3
57 64 3
57 65 2
57 66 2
57 67 3
57 68 5
57 69 2
57 70 2
57 71 5
57 72 3
57 73 1
57 74 5
57 75 1
57 76 4
57 77 1
57 78 1
57 79 3
58 59 4
58 60 1
58 61 4
58 62 5
58 63 5
58 64 3
58 65 5
58 66 2
58 67 1
58 68 2
58 69 3
58 70 1
58 71 1
58 72 4
58 73 5
58 74 3
58 75 4
58 76 1
58 77 1
58 78 2
58 79 2
59 60 4
59 61 5
59 62 5
59 63 1
59 64 5
59 65 5
59 66 4
59 67 3
59 68 1
59 69 5
59 70 2
59 71 3
59 72 4
59 73 5
59 74 4
59 75 4
59 76 5
59 77 4
59 78 1
59 79 3
60 61 3
60 62 4
60 63 2
60 64 2
60 65 2
60 66 3
60 67 4
60 68 1
60 69 1
60 70 5
60 71 4
60 72 3
60 73 2
60 74 1
60 75 3
60 76 1
60 77 4
60 78 1
60 79 4
61 62 5
61 63 4
61 64 1
61 65 5
61 66 4
61 67 5
61 68 5
61 69 5
61 70 5
61 71 2
61 72 2
61 73 2
61 74 2
61 75 5
61 76 2
61 77 5
61 78 5
61 79 5
62 63 2
62 64 1
62 65 4
62 66 1
62 67 4
62 68 5
62 69 4
62 70 1
62 71 2
62 72 3
62 73 4
62 74 5
62 75 5
62 76 2
62 77 4
62 78 5
62 79 4
63 64 4
63 65 1
63 66 3
63 67 2
63 68 1
63 69 1
63 70 2
63 71 1
63 72 2
63 73 2
63 74 5
63 75 2
63 76 2
63 77 1
63 78 5
63 79 3
64 65 4
64 66 3
64 67 1
64 68 2
64 69 4
64 70 5
64 71 1
64 72 4
64 73 1
64 74 5
64 75 2
64 76 5
64 77 5
64 78 3
64 79 2
65 66 2
65 67 4
65 68 3
65 69 3
65 70 5
65 71 3
65 72 1
65 73 1
65 74 3
65 75 1
65 76 1
65 77 5
65 78 4
65 79 3
66 67 2
66 68 5
66 69 2
66 70 1
66 71 5
66 72 3
66 73 2
66 74 2
66 75 3
66 76 3
66 77 1
66 78 2
66 79 1
67 68 4
67 69 4
67 70 2
67 71 1
67 72 3
67 73 3
67 74 5
67 75 2
67 76 1
67 77 1
67 78 3
67 79 3
68 69 3
68 70 4
68 71 3
68 72 2
68 73 2
68 74 1
68 75 2
68 76 4
68 77 5
68 78 5
68 79 5
69 70 5
69 71 4
69 72 2
69 73 3
69 74 2
69 75 1
69 76 4
69 77 2
69 78 1
69 79 4
70 71 3
70 72 3
70 73 2
70 74 4
70 75 5
70 76 2
70 77 2
70 78 4
70 79 2
71 72 4
71 73 5
71 74 3
71 75 5
71 76 2
71 77 4
71 78 5
71 79 1
72 73 2
72 74 4
72 75 2
72 76 5
72 77 3
72 78 5
72 79 5
73 74 5
73 75 3
73 76 3
73 77 2
73 78 3
73 79 3
74 75 3
74 76 3
74 77 2
74 78 1
74 79 3
75 76 1
75 77 1
75 78 5
75 79 2
76 77 1
76 78 4
76 79 3
77 78 1
77 79 1
78 79 5
