50 1225
0 1 129
0 2 914
0 3 727
0 4 573
0 5 745
0 6 540
0 7 987
0 8 856
0 9 228
0 10 396
0 11 684
0 12 864
0 13 679
0 14 684
0 15 968
0 16 552
0 17 323
0 18 859
0 19 160
0 20 381
0 21 162
0 22 263
0 23 377
0 24 748
0 25 164
0 26 363
0 27 627
0 28 325
0 29 573
0 30 236
0 31 700
0 32 457
0 33 584
0 34 811
0 35 607
0 36 293
0 37 543
0 38 501
0 39 963
0 40 221
0 41 269
0 42 536
0 43 875
0 44 726
0 45 570
0 46 587
0 47 933
0 48 253
0 49 388
1 2 43
1 3 187
1 4 857
1 5 798
1 6 921
1 7 397
1 8 995
1 9 363
1 10 657
1 11 734
1 12 478
1 13 599
1 14 865
1 15 980
1 16 611
1 17 143
1 18 133
1 19 400
1 20 645
1 21 522
1 22 576
1 23 304
1 24 549
1 25 442
1 26 293
1 27 130
1 28 621
1 29 953
1 30 375
1 31 358
1 32 38
1 33 260
1 34 91
1 35 47
1 36 442
1 37 978
1 38 211
1 39 13
1 40 152
1 41 234
1 42 236
1 43 628
1 44 828
1 45 206
1 46 882
1 47 637
1 48 171
1 49 693
2 3 716
2 4 146
2 5 187
2 6 697
2 7 64
2 8 746
2 9 517
2 10 894
2 11 313
2 12 789
2 13 448
2 14 427
2 15 669
2 16 169
2 17 342
2 18 72
2 19 743
2 20 496
2 21 578
2 22 163
2 23 603
2 24 877
2 25 281
2 26 282
2 27 76
2 28 321
2 29 525
2 30 393
2 31 814
2 32 484
2 33 633
2 34 22
2 35 162
2 36 513
2 37 193
2 38 537
2 39 298
2 40 748
2 41 273
2 42 679
2 43 370
2 44 482
2 45 876
2 46 314
2 47 713
2 48 678
2 49 827
3 4 116
3 5 977
3 6 489
3 7 875
3 8 968
3 9 187
3 10 96
3 11 113
3 12 529
3 13 548
3 14 374
3 15 368
3 16 933
3 17 647
3 18 190
3 19 56
3 20 29
3 21 772
3 22 176
3 23 550
3 24 354
3 25 788
3 26 195
3 27 60
3 28 410
3 29 318
3 30 414
3 31 19
3 32 995
3 33 788
3 34 106
3 35 357
3 36 594
3 37 231
3 38 825
3 39 823
3 40 985
3 41 661
3 42 441
3 43 919
3 44 706
3 45 305
3 46 832
3 47 397
3 48 688
3 49 110
4 5 817
4 6 399
4 7 308
4 8 706
4 9 449
4 10 495
4 11 84
4 12 635
4 13 744
4 14 874
4 15 806
4 16 880
4 17 709
4 18 450
4 19 363
4 20 761
4 21 719
4 22 37
4 23 575
4 24 402
4 25 875
4 26 670
4 27 683
4 28 81
4 29 831
4 30 8
4 31 381
4 32 96
4 33 653
4 34 492
4 35 549
4 36 594
4 37 817
4 38 511
4 39 145
4 40 493
4 41 559
4 42 73
4 43 322
4 44 997
4 45 545
4 46 770
4 47 715
4 48 931
4 49 706
5 6 355
5 7 611
5 8 236
5 9 589
5 10 234
5 11 486
5 12 387
5 13 160
5 14 933
5 15 30
5 16 190
5 17 225
5 18 163
5 19 839
5 20 44
5 21 345
5 22 743
5 23 122
5 24 578
5 25 828
5 26 179
5 27 539
5 28 151
5 29 6
5 30 971
5 31 921
5 32 334
5 33 873
5 34 320
5 35 409
5 36 792
5 37 396
5 38 44
5 39 659
5 40 289
5 41 230
5 42 415
5 43 909
5 44 527
5 45 977
5 46 721
5 47 575
5 48 226
5 49 114
6 7 420
6 8 527
6 9 682
6 10 628
6 11 990
6 12 398
6 13 767
6 14 677
6 15 627
6 16 990
6 17 61
6 18 426
6 19 91
6 20 553
6 21 806
6 22 991
6 23 71
6 24 926
6 25 909
6 26 894
6 27 400
6 28 266
6 29 308
6 30 496
6 31 654
6 32 608
6 33 340
6 34 67
6 35 45
6 36 648
6 37 632
6 38 79
6 39 76
6 40 720
6 41 983
6 42 666
6 43 616
6 44 720
6 45 699
6 46 776
6 47 93
6 48 579
6 49 325
7 8 168
7 9 799
7 10 817
7 11 571
7 12 549
7 13 546
7 14 224
7 15 723
7 16 373
7 17 342
7 18 240
7 19 366
7 20 756
7 21 922
7 22 135
7 23 223
7 24 51
7 25 178
7 26 224
7 27 482
7 28 870
7 29 283
7 30 797
7 31 999
7 32 161
7 33 362
7 34 667
7 35 270
7 36 108
7 37 161
7 38 134
7 39 132
7 40 345
7 41 651
7 42 924
7 43 586
7 44 732
7 45 598
7 46 672
7 47 21
7 48 425
7 49 31
8 9 604
8 10 666
8 11 513
8 12 460
8 13 280
8 14 900
8 15 810
8 16 48
8 17 298
8 18 159
8 19 739
8 20 858
8 21 17
8 22 327
8 23 869
8 24 415
8 25 146
8 26 203
8 27 291
8 28 842
8 29 123
8 30 690
8 31 948
8 32 319
8 33 429
8 34 876
8 35 455
8 36 902
8 37 485
8 38 828
8 39 622
8 40 845
8 41 22
8 42 539
8 43 210
8 44 99
8 45 88
8 46 446
8 47 713
8 48 259
8 49 808
9 10 156
9 11 396
9 12 902
9 13 924
9 14 41
9 15 358
9 16 48
9 17 402
9 18 834
9 19 929
9 20 58
9 21 854
9 22 164
9 23 279
9 24 226
9 25 378
9 26 902
9 27 550
9 28 195
9 29 975
9 30 950
9 31 710
9 32 87
9 33 870
9 34 224
9 35 917
9 36 696
9 37 121
9 38 331
9 39 370
9 40 317
9 41 293
9 42 829
9 43 940
9 44 853
9 45 675
9 46 760
9 47 440
9 48 939
9 49 340
10 11 925
10 12 700
10 13 841
10 14 236
10 15 823
10 16 973
10 17 781
10 18 182
10 19 50
10 20 964
10 21 45
10 22 67
10 23 39
10 24 479
10 25 108
10 26 943
10 27 991
10 28 611
10 29 716
10 30 773
10 31 856
10 32 38
10 33 568
10 34 207
10 35 903
10 36 660
10 37 56
10 38 413
10 39 374
10 40 227
10 41 799
10 42 596
10 43 701
10 44 466
10 45 121
10 46 365
10 47 836
10 48 45
10 49 916
11 12 390
11 13 133
11 14 270
11 15 117
11 16 699
11 17 495
11 18 571
11 19 812
11 20 220
11 21 255
11 22 388
11 23 839
11 24 267
11 25 983
11 26 61
11 27 236
11 28 588
11 29 949
11 30 702
11 31 755
11 32 151
11 33 317
11 34 949
11 35 649
11 36 975
11 37 9
11 38 459
11 39 539
11 40 165
11 41 153
11 42 227
11 43 361
11 44 123
11 45 742
11 46 360
11 47 875
11 48 670
11 49 489
12 13 113
12 14 872
12 15 512
12 16 291
12 17 369
12 18 230
12 19 968
12 20 991
12 21 821
12 22 548
12 23 207
12 24 98
12 25 986
12 26 401
12 27 261
12 28 558
12 29 371
12 30 646
12 31 207
12 32 575
12 33 839
12 34 481
12 35 192
12 36 504
12 37 948
12 38 361
12 39 763
12 40 883
12 41 697
12 42 672
12 43 73
12 44 111
12 45 432
12 46 644
12 47 635
12 48 140
12 49 641
13 14 922
13 15 525
13 16 924
13 17 770
13 18 258
13 19 218
13 20 794
13 21 133
13 22 399
13 23 577
13 24 776
13 25 755
13 26 251
13 27 453
13 28 141
13 29 841
13 30 88
13 31 51
13 32 965
13 33 218
13 34 186
13 35 698
13 36 454
13 37 600
13 38 914
13 39 304
13 40 547
13 41 804
13 42 176
13 43 271
13 44 67
13 45 504
13 46 23
13 47 805
13 48 611
13 49 416
14 15 211
14 16 892
14 17 564
14 18 541
14 19 122
14 20 538
14 21 697
14 22 114
14 23 571
14 24 879
14 25 230
14 26 768
14 27 240
14 28 771
14 29 890
14 30 587
14 31 821
14 32 212
14 33 11
14 34 492
14 35 765
14 36 607
14 37 869
14 38 630
14 39 630
14 40 44
14 41 5
14 42 377
14 43 262
14 44 655
14 45 726
14 46 758
14 47 54
14 48 40
14 49 124
15 16 648
15 17 644
15 18 293
15 19 423
15 20 304
15 21 454
15 22 13
15 23 395
15 24 904
15 25 157
15 26 37
15 27 55
15 28 987
15 29 901
15 30 196
15 31 944
15 32 227
15 33 436
15 34 274
15 35 23
15 36 694
15 37 876
15 38 523
15 39 601
15 40 227
15 41 688
15 42 954
15 43 586
15 44 266
15 45 600
15 46 846
15 47 709
15 48 467
15 49 431
16 17 966
16 18 220
16 19 534
16 20 148
16 21 646
16 22 755
16 23 281
16 24 231
16 25 995
16 26 201
16 27 377
16 28 5
16 29 880
16 30 199
16 31 845
16 32 908
16 33 819
16 34 410
16 35 371
16 36 280
16 37 563
16 38 597
16 39 335
16 40 619
16 41 323
16 42 565
16 43 601
16 44 188
16 45 931
16 46 608
16 47 587
16 48 792
16 49 78
17 18 486
17 19 103
17 20 660
17 21 338
17 22 792
17 23 730
17 24 935
17 25 678
17 26 341
17 27 494
17 28 593
17 29 725
17 30 812
17 31 232
17 32 206
17 33 188
17 34 264
17 35 595
17 36 741
17 37 149
17 38 544
17 39 279
17 40 409
17 41 393
17 42 890
17 43 66
17 44 109
17 45 174
17 46 355
17 47 652
17 48 829
17 49 314
18 19 767
18 20 875
18 21 38
18 22 358
18 23 540
18 24 519
18 25 118
18 26 983
18 27 824
18 28 840
18 29 655
18 30 698
18 31 763
18 32 349
18 33 962
18 34 64
18 35 183
18 36 69
18 37 698
18 38 169
18 39 754
18 40 340
18 41 375
18 42 10
18 43 360
18 44 708
18 45 449
18 46 655
18 47 4
18 48 557
18 49 144
19 20 892
19 21 674
19 22 508
19 23 56
19 24 809
19 25 591
19 26 174
19 27 412
19 28 806
19 29 37
19 30 569
19 31 842
19 32 148
19 33 185
19 34 624
19 35 781
19 36 935
19 37 218
19 38 908
19 39 122
19 40 817
19 41 60
19 42 93
19 43 445
19 44 227
19 45 308
19 46 77
19 47 437
19 48 317
19 49 653
20 21 336
20 22 115
20 23 120
20 24 241
20 25 551
20 26 594
20 27 139
20 28 482
20 29 53
20 30 361
20 31 389
20 32 204
20 33 530
20 34 536
20 35 410
20 36 704
20 37 494
20 38 760
20 39 717
20 40 73
20 41 207
20 42 301
20 43 458
20 44 446
20 45 559
20 46 920
20 47 440
20 48 881
20 49 65
21 22 357
21 23 521
21 24 599
21 25 668
21 26 470
21 27 203
21 28 548
21 29 340
21 30 437
21 31 705
21 32 139
21 33 193
21 34 114
21 35 387
21 36 697
21 37 154
21 38 715
21 39 599
21 40 241
21 41 596
21 42 182
21 43 29
21 44 600
21 45 334
21 46 908
21 47 851
21 48 348
21 49 434
22 23 202
22 24 310
22 25 688
22 26 247
22 27 172
22 28 941
22 29 860
22 30 199
22 31 349
22 32 889
22 33 413
22 34 293
22 35 296
22 36 560
22 37 722
22 38 566
22 39 564
22 40 587
22 41 395
22 42 687
22 43 449
22 44 341
22 45 466
22 46 720
22 47 521
22 48 200
22 49 423
23 24 951
23 25 753
23 26 566
23 27 745
23 28 269
23 29 540
23 30 443
23 31 268
23 32 570
23 33 453
23 34 711
23 35 522
23 36 4
23 37 754
23 38 512
23 39 290
23 40 733
23 41 704
23 42 926
23 43 687
23 44 373
23 45 346
23 46 989
23 47 621
23 48 595
23 49 984
24 25 146
24 26 213
24 27 746
24 28 600
24 29 120
24 30 731
24 31 370
24 32 679
24 33 29
24 34 787
24 35 791
24 36 260
24 37 95
24 38 99
24 39 43
24 40 445
24 41 335
24 42 114
24 43 396
24 44 628
24 45 756
24 46 7
24 47 458
24 48 529
24 49 516
25 26 877
25 27 30
25 28 72
25 29 928
25 30 164
25 31 805
25 32 670
25 33 650
25 34 277
25 35 312
25 36 633
25 37 290
25 38 26
25 39 270
25 40 501
25 41 46
25 42 940
25 43 500
25 44 452
25 45 757
25 46 562
25 47 766
25 48 535
25 49 310
26 27 45
26 28 522
26 29 492
26 30 222
26 31 127
26 32 43
26 33 230
26 34 616
26 35 277
26 36 311
26 37 636
26 38 191
26 39 530
26 40 238
26 41 921
26 42 182
26 43 508
26 44 637
26 45 319
26 46 983
26 47 359
26 48 216
26 49 129
27 28 166
27 29 463
27 30 868
27 31 666
27 32 525
27 33 764
27 34 699
27 35 520
27 36 918
27 37 37
27 38 717
27 39 795
27 40 594
27 41 32
27 42 525
27 43 904
27 44 964
27 45 431
27 46 568
27 47 156
27 48 659
27 49 538
28 29 901
28 30 574
28 31 61
28 32 408
28 33 37
28 34 234
28 35 934
28 36 223
28 37 468
28 38 159
28 39 775
28 40 688
28 41 457
28 42 2
28 43 972
28 44 855
28 45 472
28 46 36
28 47 390
28 48 730
28 49 695
29 30 519
29 31 347
29 32 468
29 33 459
29 34 175
29 35 536
29 36 589
29 37 952
29 38 760
29 39 247
29 40 1
29 41 370
29 42 15
29 43 741
29 44 803
29 45 759
29 46 270
29 47 223
29 48 631
29 49 867
30 31 172
30 32 184
30 33 93
30 34 737
30 35 690
30 36 220
30 37 228
30 38 929
30 39 828
30 40 330
30 41 987
30 42 790
30 43 340
30 44 983
30 45 394
30 46 885
30 47 66
30 48 512
30 49 206
31 32 631
31 33 517
31 34 233
31 35 440
31 36 367
31 37 385
31 38 428
31 39 22
31 40 806
31 41 545
31 42 779
31 43 427
31 44 618
31 45 622
31 46 510
31 47 708
31 48 978
31 49 671
32 33 267
32 34 686
32 35 209
32 36 915
32 37 860
32 38 531
32 39 667
32 40 801
32 41 601
32 42 554
32 43 149
32 44 753
32 45 206
32 46 272
32 47 613
32 48 434
32 49 473
33 34 686
33 35 326
33 36 408
33 37 887
33 38 693
33 39 539
33 40 742
33 41 642
33 42 493
33 43 173
33 44 601
33 45 745
33 46 22
33 47 166
33 48 908
33 49 549
34 35 260
34 36 666
34 37 68
34 38 778
34 39 911
34 40 640
34 41 619
34 42 78
34 43 586
34 44 86
34 45 312
34 46 760
34 47 398
34 48 336
34 49 40
35 36 31
35 37 106
35 38 535
35 39 592
35 40 36
35 41 390
35 42 915
35 43 650
35 44 400
35 45 900
35 46 619
35 47 398
35 48 390
35 49 883
36 37 10
36 38 667
36 39 713
36 40 929
36 41 226
36 42 37
36 43 375
36 44 531
36 45 418
36 46 813
36 47 873
36 48 900
36 49 482
37 38 978
37 39 935
37 40 121
37 41 423
37 42 756
37 43 466
37 44 676
37 45 863
37 46 537
37 47 796
37 48 804
37 49 813
38 39 816
38 40 26
38 41 643
38 42 433
38 43 515
38 44 702
38 45 966
38 46 942
38 47 45
38 48 911
38 49 203
39 40 874
39 41 710
39 42 566
39 43 404
39 44 759
39 45 274
39 46 479
39 47 328
39 48 166
39 49 339
40 41 911
40 42 6
40 43 5
40 44 257
40 45 451
40 46 718
40 47 730
40 48 3
40 49 336
41 42 906
41 43 159
41 44 678
41 45 641
41 46 113
41 47 726
41 48 583
41 49 57
42 43 7
42 44 256
42 45 450
42 46 224
42 47 378
42 48 28
42 49 707
43 44 532
43 45 117
43 46 59
43 47 427
43 48 388
43 49 523
44 45 864
44 46 38
44 47 962
44 48 777
44 49 455
45 46 546
45 47 101
45 48 623
45 49 921
46 47 907
46 48 375
46 49 184
47 48 318
47 49 59
48 49 803
