40 780
0 1 7038
0 2 6154
0 3 760
0 4 8637
0 5 9003
0 6 9834
0 7 6820
0 8 6281
0 9 7787
0 10 313
0 11 8247
0 12 9834
0 13 6031
0 14 5664
0 15 2405
0 16 4922
0 17 9539
0 18 6333
0 19 8427
0 20 2659
0 21 3533
0 22 3037
0 23 2314
0 24 903
0 25 4737
0 26 4215
0 27 7835
0 28 9276
0 29 5833
0 30 5763
0 31 8648
0 32 3319
0 33 3756
0 34 6778
0 35 7835
0 36 6828
0 37 2596
0 38 8253
0 39 2077
1 2 569
1 3 8978
1 4 9098
1 5 6266
1 6 396
1 7 404
1 8 6598
1 9 2055
1 10 3268
1 11 5159
1 12 9600
1 13 2431
1 14 8589
1 15 3502
1 16 2938
1 17 5554
1 18 6261
1 19 7153
1 20 4272
1 21 7022
1 22 3384
1 23 8578
1 24 9517
1 25 5895
1 26 2375
1 27 8245
1 28 8140
1 29 433
1 30 1499
1 31 6665
1 32 9990
1 33 5282
1 34 7152
1 35 8251
1 36 9789
1 37 702
1 38 5721
1 39 6141
2 3 4113
2 4 2845
2 5 4340
2 6 4950
2 7 5367
2 8 7381
2 9 9362
2 10 3668
2 11 5873
2 12 5586
2 13 8052
2 14 3817
2 15 9563
2 16 8983
2 17 499
2 18 3358
2 19 2877
2 20 1948
2 21 8406
2 22 39
2 23 7910
2 24 380
2 25 7029
2 26 5231
2 27 6092
2 28 8592
2 29 6850
2 30 3817
2 31 5016
2 32 461
2 33 3052
2 34 8435
2 35 5971
2 36 3393
2 37 7681
2 38 575
2 39 3579
3 4 4679
3 5 189
3 6 1579
3 7 3364
3 8 2276
3 9 1373
3 10 4575
3 11 9582
3 12 2009
3 13 5413
3 14 9419
3 15 646
3 16 3186
3 17 588
3 18 7645
3 19 3997
3 20 4500
3 21 318
3 22 3125
3 23 5013
3 24 5331
3 25 6544
3 26 9088
3 27 4035
3 28 1689
3 29 131
3 30 2262
3 31 639
3 32 9723
3 33 898
3 34 5088
3 35 3569
3 36 7608
3 37 8754
3 38 7409
3 39 6289
4 5 8592
4 6 8764
4 7 9710
4 8 1662
4 9 924
4 10 3918
4 11 679
4 12 3482
4 13 9950
4 14 1567
4 15 616
4 16 4688
4 17 5080
4 18 455
4 19 6270
4 20 9901
4 21 9417
4 22 5445
4 23 1159
4 24 791
4 25 3437
4 26 3102
4 27 4730
4 28 2184
4 29 439
4 30 3226
4 31 9352
4 32 8116
4 33 9935
4 34 542
4 35 9527
4 36 9243
4 37 485
4 38 8890
4 39 7432
5 6 9041
5 7 2251
5 8 7522
5 9 9567
5 10 2093
5 11 4835
5 12 7998
5 13 6683
5 14 8452
5 15 461
5 16 1163
5 17 446
5 18 9410
5 19 2403
5 20 5669
5 21 8995
5 22 5374
5 23 8592
5 24 288
5 25 4223
5 26 9352
5 27 5034
5 28 1561
5 29 5832
5 30 4937
5 31 2246
5 32 708
5 33 4003
5 34 3716
5 35 9842
5 36 3408
5 37 6601
5 38 6961
5 39 6630
6 7 4355
6 8 7421
6 9 6911
6 10 778
6 11 5097
6 12 6251
6 13 2398
6 14 1937
6 15 562
6 16 7752
6 17 5107
6 18 3513
6 19 8092
6 20 8300
6 21 9861
6 22 782
6 23 6997
6 24 6946
6 25 9433
6 26 4314
6 27 3618
6 28 5781
6 29 3021
6 30 1647
6 31 6949
6 32 9962
6 33 9469
6 34 2139
6 35 7435
6 36 9584
6 37 9755
6 38 4825
6 39 4469
7 8 4368
7 9 9868
7 10 1780
7 11 3493
7 12 6713
7 13 4378
7 14 3819
7 15 4181
7 16 7248
7 17 8685
7 18 7816
7 19 7462
7 20 39
7 21 3665
7 22 6383
7 23 8160
7 24 7711
7 25 1314
7 26 6579
7 27 6175
7 28 8868
7 29 5512
7 30 9229
7 31 3483
7 32 5464
7 33 6708
7 34 3737
7 35 7780
7 36 7470
7 37 4698
7 38 6013
7 39 3894
8 9 5041
8 10 6727
8 11 1319
8 12 128
8 13 218
8 14 5685
8 15 2497
8 16 5180
8 17 9619
8 18 6429
8 19 4373
8 20 6383
8 21 2427
8 22 9705
8 23 2772
8 24 3309
8 25 7576
8 26 5618
8 27 3751
8 28 54
8 29 3942
8 30 1926
8 31 8260
8 32 3211
8 33 2964
8 34 5361
8 35 2870
8 36 8487
8 37 1824
8 38 6920
8 39 737
9 10 7320
9 11 8709
9 12 3699
9 13 7268
9 14 2203
9 15 5691
9 16 859
9 17 4851
9 18 7963
9 19 8393
9 20 7304
9 21 7395
9 22 7287
9 23 2103
9 24 8075
9 25 2267
9 26 4811
9 27 3189
9 28 5645
9 29 613
9 30 9869
9 31 7690
9 32 7937
9 33 750
9 34 140
9 35 1798
9 36 2841
9 37 3157
9 38 531
9 39 4318
10 11 5917
10 12 554
10 13 7608
10 14 5615
10 15 7764
10 16 8266
10 17 9682
10 18 8302
10 19 9729
10 20 5123
10 21 2397
10 22 8183
10 23 2834
10 24 1271
10 25 8152
10 26 5468
10 27 376
10 28 7875
10 29 8218
10 30 643
10 31 9913
10 32 6507
10 33 7951
10 34 8384
10 35 8324
10 36 7740
10 37 3655
10 38 7964
10 39 9522
11 12 6633
11 13 9010
11 14 2709
11 15 4309
11 16 6602
11 17 3641
11 18 8720
11 19 5977
11 20 7846
11 21 9527
11 22 7459
11 23 561
11 24 1176
11 25 9336
11 26 8680
11 27 3272
11 28 4476
11 29 512
11 30 8516
11 31 5453
11 32 6596
11 33 9702
11 34 3309
11 35 4552
11 36 9724
11 37 6019
11 38 9932
11 39 7654
12 13 3673
12 14 4864
12 15 1909
12 16 1001
12 17 9508
12 18 48
12 19 9672
12 20 5015
12 21 9404
12 22 6279
12 23 6271
12 24 6128
12 25 3787
12 26 8576
12 27 1738
12 28 4289
12 29 4656
12 30 5389
12 31 7630
12 32 775
12 33 798
12 34 3769
12 35 8432
12 36 5121
12 37 4820
12 38 5268
12 39 4181
13 14 5756
13 15 9347
13 16 6159
13 17 2811
13 18 8967
13 19 8991
13 20 7281
13 21 553
13 22 2840
13 23 2598
13 24 6256
13 25 4001
13 26 3042
13 27 4895
13 28 6977
13 29 7893
13 30 3404
13 31 7483
13 32 2407
13 33 1409
13 34 6466
13 35 8320
13 36 2673
13 37 2133
13 38 5202
13 39 5465
14 15 5130
14 16 6115
14 17 1084
14 18 3143
14 19 3685
14 20 4728
14 21 6315
14 22 1133
14 23 3570
14 24 6218
14 25 7113
14 26 4013
14 27 3179
14 28 5500
14 29 767
14 30 1107
14 31 1599
14 32 6909
14 33 9875
14 34 2523
14 35 1431
14 36 5026
14 37 8144
14 38 5442
14 39 3897
15 16 1921
15 17 7499
15 18 6132
15 19 9073
15 20 79
15 21 3257
15 22 7416
15 23 8679
15 24 2289
15 25 2973
15 26 1904
15 27 9537
15 28 1109
15 29 8118
15 30 2818
15 31 4419
15 32 861
15 33 2807
15 34 9926
15 35 8020
15 36 6260
15 37 1658
15 38 8900
15 39 1984
16 17 759
16 18 3272
16 19 7205
16 20 5355
16 21 5616
16 22 6480
16 23 8794
16 24 7262
16 25 3710
16 26 6263
16 27 4137
16 28 81
16 29 8028
16 30 5705
16 31 9169
16 32 208
16 33 6995
16 34 2852
16 35 4044
16 36 8560
16 37 4527
16 38 9206
16 39 6775
17 18 9834
17 19 4813
17 20 9313
17 21 5010
17 22 3877
17 23 648
17 24 9590
17 25 5181
17 26 8262
17 27 4889
17 28 2213
17 29 9523
17 30 2019
17 31 1014
17 32 8759
17 33 5865
17 34 6446
17 35 7650
17 36 1494
17 37 5503
17 38 7902
17 39 689
18 19 3556
18 20 952
18 21 7899
18 22 945
18 23 3842
18 24 8539
18 25 8601
18 26 3169
18 27 6914
18 28 9422
18 29 4754
18 30 1074
18 31 2510
18 32 8042
18 33 7998
18 34 4195
18 35 3422
18 36 1198
18 37 5382
18 38 547
18 39 1168
19 20 6158
19 21 1509
19 22 3500
19 23 6442
19 24 3088
19 25 1794
19 26 4537
19 27 2667
19 28 8516
19 29 1342
19 30 5479
19 31 8049
19 32 6352
19 33 843
19 34 7429
19 35 2628
19 36 6128
19 37 2639
19 38 9377
19 39 2148
20 21 8861
20 22 771
20 23 9099
20 24 5518
20 25 539
20 26 7228
20 27 5738
20 28 1073
20 29 4283
20 30 4546
20 31 4894
20 32 6980
20 33 1298
20 34 7705
20 35 2546
20 36 7505
20 37 9141
20 38 7495
20 39 8264
21 22 6504
21 23 3186
21 24 978
21 25 836
21 26 824
21 27 2199
21 28 2447
21 29 3962
21 30 5273
21 31 2161
21 32 7555
21 33 6763
21 34 4330
21 35 2753
21 36 6904
21 37 6111
21 38 6015
21 39 4426
22 23 5697
22 24 819
22 25 6577
22 26 8988
22 27 7719
22 28 6396
22 29 9616
22 30 1432
22 31 5688
22 32 2536
22 33 7032
22 34 9070
22 35 9732
22 36 1370
22 37 3131
22 38 7104
22 39 4579
23 24 1723
23 25 9653
23 26 2868
23 27 1481
23 28 8259
23 29 7469
23 30 8118
23 31 2610
23 32 1252
23 33 4421
23 34 2896
23 35 765
23 36 3034
23 37 2640
23 38 4501
23 39 2888
24 25 2364
24 26 6597
24 27 1904
24 28 4587
24 29 581
24 30 6132
24 31 9360
24 32 6570
24 33 1300
24 34 7559
24 35 9925
24 36 2508
24 37 4069
24 38 6628
24 39 4299
25 26 7272
25 27 5179
25 28 1243
25 29 1791
25 30 2334
25 31 4674
25 32 5346
25 33 4133
25 34 4117
25 35 2025
25 36 3622
25 37 6112
25 38 4535
25 39 3971
26 27 9634
26 28 6295
26 29 726
26 30 7428
26 31 9128
26 32 1050
26 33 5551
26 34 7737
26 35 4050
26 36 6412
26 37 5827
26 38 605
26 39 1866
27 28 8475
27 29 3969
27 30 4063
27 31 5106
27 32 8584
27 33 5236
27 34 7521
27 35 2468
27 36 9325
27 37 5370
27 38 2928
27 39 1803
28 29 1026
28 30 5836
28 31 5390
28 32 9187
28 33 942
28 34 8745
28 35 7629
28 36 2774
28 37 1251
28 38 3866
28 39 7699
29 30 6321
29 31 6956
29 32 8297
29 33 3420
29 34 7631
29 35 1702
29 36 5709
29 37 1960
29 38 2479
29 39 2410
30 31 6838
30 32 5859
30 33 3527
30 34 1884
30 35 1883
30 36 4187
30 37 4378
30 38 6165
30 39 2130
31 32 7241
31 33 8095
31 34 6464
31 35 3858
31 36 4205
31 37 9910
31 38 6324
31 39 9694
32 33 4685
32 34 3835
32 35 1346
32 36 314
32 37 2964
32 38 1157
32 39 3046
33 34 7184
33 35 4066
33 36 1978
33 37 2294
33 38 181
33 39 6347
34 35 2079
34 36 1458
34 37 2349
34 38 5043
34 39 768
35 36 7221
35 37 6041
35 38 7159
35 39 5851
36 37 7534
36 38 7056
36 39 2587
37 38 2982
37 39 5738
38 39 1091
