60 1770
0 1 4324
0 2 7329
0 3 6036
0 4 4002
0 5 9029
0 6 2282
0 7 2974
0 8 1207
0 9 5980
0 10 7239
0 11 3347
0 12 3245
0 13 206
0 14 7312
0 15 7229
0 16 7988
0 17 8995
0 18 6764
0 19 9978
0 20 7574
0 21 4840
0 22 9160
0 23 9419
0 24 2145
0 25 5383
0 26 9815
0 27 5563
0 28 9032
0 29 8956
0 30 309
0 31 9151
0 32 4740
0 33 4391
0 34 2524
0 35 635
0 36 7837
0 37 1929
0 38 380
0 39 3300
0 40 1122
0 41 763
0 42 7185
0 43 3135
0 44 3633
0 45 5532
0 46 481
0 47 1598
0 48 2226
0 49 711
0 50 3428
0 51 1739
0 52 6721
0 53 6942
0 54 8389
0 55 426
0 56 3270
0 57 5270
0 58 6787
0 59 2890
1 2 263
1 3 9477
1 4 8166
1 5 1460
1 6 7017
1 7 1129
1 8 4496
1 9 7963
1 10 7194
1 11 8028
1 12 8005
1 13 4070
1 14 6969
1 15 402
1 16 8669
1 17 5429
1 18 7621
1 19 5323
1 20 694
1 21 1904
1 22 4908
1 23 1961
1 24 8832
1 25 9039
1 26 977
1 27 8196
1 28 6271
1 29 3472
1 30 3335
1 31 295
1 32 8464
1 33 6068
1 34 5858
1 35 2887
1 36 1060
1 37 5594
1 38 9621
1 39 3566
1 40 7623
1 41 5309
1 42 1678
1 43 6251
1 44 4310
1 45 8673
1 46 795
1 47 4964
1 48 1511
1 49 6182
1 50 2281
1 51 8729
1 52 8248
1 53 8398
1 54 5628
1 55 5655
1 56 3953
1 57 1895
1 58 5880
1 59 1066
2 3 9711
2 4 8104
2 5 8743
2 6 5778
2 7 64
2 8 8694
2 9 8315
2 10 3628
2 11 52
2 12 6339
2 13 4344
2 14 2325
2 15 2024
2 16 6387
2 17 1246
2 18 3909
2 19 2269
2 20 6849
2 21 2698
2 22 4596
2 23 4631
2 24 8339
2 25 3146
2 26 2903
2 27 7539
2 28 5145
2 29 8723
2 30 712
2 31 5596
2 32 529
2 33 909
2 34 6361
2 35 6978
2 36 3401
2 37 9246
2 38 8770
2 39 192
2 40 2330
2 41 7894
2 42 1094
2 43 5703
2 44 8335
2 45 7064
2 46 858
2 47 151
2 48 4974
2 49 2175
2 50 4057
2 51 6566
2 52 3808
2 53 817
2 54 2645
2 55 8744
2 56 3984
2 57 8131
2 58 7795
2 59 6205
3 4 175
3 5 8192
3 6 8500
3 7 6686
3 8 7988
3 9 5656
3 10 7624
3 11 8438
3 12 3126
3 13 6504
3 14 5766
3 15 4138
3 16 6127
3 17 674
3 18 6135
3 19 6856
3 20 8233
3 21 9776
3 22 973
3 23 457
3 24 1213
3 25 2012
3 26 3935
3 27 6707
3 28 5109
3 29 8245
3 30 4068
3 31 8625
3 32 1559
3 33 7256
3 34 6842
3 35 3460
3 36 3862
3 37 1373
3 38 2193
3 39 5638
3 40 966
3 41 6136
3 42 4729
3 43 2783
3 44 8688
3 45 1075
3 46 7693
3 47 8633
3 48 7706
3 49 4076
3 50 7947
3 51 5325
3 52 1965
3 53 7578
3 54 499
3 55 9604
3 56 5917
3 57 3397
3 58 121
3 59 5870
4 5 3877
4 6 9093
4 7 6403
4 8 1815
4 9 5462
4 10 2781
4 11 5358
4 12 9466
4 13 4456
4 14 1571
4 15 7357
4 16 3105
4 17 1913
4 18 9489
4 19 4279
4 20 6695
4 21 2110
4 22 7941
4 23 1588
4 24 1775
4 25 1983
4 26 8671
4 27 3375
4 28 3356
4 29 280
4 30 3038
4 31 1329
4 32 9539
4 33 9393
4 34 3598
4 35 7029
4 36 9079
4 37 3830
4 38 7034
4 39 5963
4 40 9907
4 41 3500
4 42 2495
4 43 6232
4 44 5113
4 45 8189
4 46 2264
4 47 5273
4 48 3626
4 49 7744
4 50 1648
4 51 5107
4 52 479
4 53 4442
4 54 8048
4 55 6494
4 56 1145
4 57 2880
4 58 3130
4 59 3954
5 6 4528
5 7 1773
5 8 2072
5 9 8148
5 10 7416
5 11 855
5 12 8736
5 13 5789
5 14 724
5 15 3478
5 16 1125
5 17 6482
5 18 7437
5 19 8671
5 20 60
5 21 1422
5 22 5358
5 23 1390
5 24 9196
5 25 1653
5 26 4723
5 27 5774
5 28 7150
5 29 3047
5 30 7414
5 31 7574
5 32 2677
5 33 8764
5 34 9021
5 35 3638
5 36 8521
5 37 2432
5 38 1678
5 39 4234
5 40 2720
5 41 1601
5 42 8007
5 43 175
5 44 4267
5 45 1838
5 46 1745
5 47 8420
5 48 9671
5 49 3683
5 50 2442
5 51 727
5 52 7998
5 53 1755
5 54 3230
5 55 3128
5 56 8843
5 57 6316
5 58 588
5 59 5117
6 7 6699
6 8 3187
6 9 8138
6 10 282
6 11 8736
6 12 3165
6 13 4685
6 14 6601
6 15 5644
6 16 1325
6 17 2591
6 18 3212
6 19 139
6 20 6139
6 21 7792
6 22 3730
6 23 152
6 24 24
6 25 3144
6 26 7753
6 27 2564
6 28 3461
6 29 592
6 30 9643
6 31 4582
6 32 4044
6 33 3011
6 34 7920
6 35 3488
6 36 9047
6 37 9074
6 38 2535
6 39 1170
6 40 2223
6 41 5976
6 42 9067
6 43 8645
6 44 1770
6 45 8286
6 46 940
6 47 9313
6 48 2774
6 49 4292
6 50 5183
6 51 4332
6 52 5565
6 53 3916
6 54 4600
6 55 1454
6 56 7538
6 57 3194
6 58 2024
6 59 5981
7 8 7429
7 9 4860
7 10 1243
7 11 7397
7 12 367
7 13 3374
7 14 4487
7 15 1306
7 16 4021
7 17 1629
7 18 7055
7 19 2970
7 20 8983
7 21 5605
7 22 488
7 23 7686
7 24 8511
7 25 8414
7 26 4958
7 27 1355
7 28 9749
7 29 5140
7 30 5117
7 31 9962
7 32 9363
7 33 1056
7 34 6353
7 35 2590
7 36 6325
7 37 5003
7 38 2934
7 39 1604
7 40 600
7 41 4731
7 42 5739
7 43 3484
7 44 5676
7 45 1359
7 46 1741
7 47 2496
7 48 698
7 49 5301
7 50 9627
7 51 3928
7 52 2800
7 53 2083
7 54 660
7 55 2910
7 56 2894
7 57 9620
7 58 9970
7 59 1114
8 9 2792
8 10 3433
8 11 4596
8 12 8565
8 13 7773
8 14 8055
8 15 8851
8 16 5588
8 17 7944
8 18 8710
8 19 3150
8 20 4058
8 21 2821
8 22 9840
8 23 4056
8 24 9258
8 25 5007
8 26 2139
8 27 2822
8 28 1778
8 29 780
8 30 6174
8 31 5967
8 32 6385
8 33 5240
8 34 163
8 35 3290
8 36 1540
8 37 1866
8 38 4293
8 39 4061
8 40 8046
8 41 2959
8 42 6247
8 43 2628
8 44 7328
8 45 9403
8 46 4679
8 47 8577
8 48 8847
8 49 4416
8 50 2954
8 51 6518
8 52 6
8 53 3291
8 54 3416
8 55 742
8 56 9500
8 57 9287
8 58 8334
8 59 3186
9 10 9690
9 11 9348
9 12 8835
9 13 9135
9 14 8834
9 15 975
9 16 7577
9 17 9346
9 18 9007
9 19 3733
9 20 7642
9 21 6549
9 22 8151
9 23 2935
9 24 9963
9 25 539
9 26 7730
9 27 7326
9 28 9131
9 29 7700
9 30 4569
9 31 8295
9 32 3107
9 33 3011
9 34 767
9 35 2861
9 36 8108
9 37 1879
9 38 3944
9 39 849
9 40 7330
9 41 7519
9 42 757
9 43 2288
9 44 9737
9 45 2201
9 46 5142
9 47 3353
9 48 2501
9 49 8156
9 50 6361
9 51 9481
9 52 1698
9 53 2030
9 54 3627
9 55 6495
9 56 6827
9 57 4773
9 58 1032
9 59 4364
10 11 5693
10 12 389
10 13 8389
10 14 4744
10 15 5266
10 16 2015
10 17 3648
10 18 2002
10 19 3759
10 20 7999
10 21 391
10 22 7985
10 23 6629
10 24 4355
10 25 5756
10 26 3679
10 27 1634
10 28 6119
10 29 5424
10 30 6964
10 31 7763
10 32 9937
10 33 9285
10 34 2101
10 35 1472
10 36 3515
10 37 4358
10 38 7833
10 39 8636
10 40 377
10 41 598
10 42 4030
10 43 1152
10 44 7109
10 45 4882
10 46 674
10 47 5111
10 48 6872
10 49 2026
10 50 5242
10 51 9753
10 52 3304
10 53 7374
10 54 4741
10 55 4801
10 56 4489
10 57 9892
10 58 9826
10 59 5876
11 12 5840
11 13 6262
11 14 568
11 15 531
11 16 5456
11 17 3625
11 18 1669
11 19 851
11 20 7201
11 21 6075
11 22 3604
11 23 961
11 24 7653
11 25 2639
11 26 8363
11 27 3962
11 28 6884
11 29 4823
11 30 5394
11 31 4080
11 32 7536
11 33 1067
11 34 3611
11 35 4736
11 36 7685
11 37 4838
11 38 7991
11 39 7432
11 40 2683
11 41 4687
11 42 2512
11 43 8621
11 44 5675
11 45 8860
11 46 6655
11 47 3726
11 48 3354
11 49 9871
11 50 1738
11 51 3428
11 52 2257
11 53 7835
11 54 6593
11 55 6711
11 56 2826
11 57 6901
11 58 3723
11 59 595
12 13 4224
12 14 3356
12 15 7826
12 16 205
12 17 4688
12 18 3207
12 19 5763
12 20 8003
12 21 6858
12 22 7657
12 23 4175
12 24 1042
12 25 4460
12 26 1587
12 27 3035
12 28 5187
12 29 7454
12 30 2985
12 31 5241
12 32 6023
12 33 3903
12 34 2955
12 35 5620
12 36 7744
12 37 9171
12 38 2909
12 39 5330
12 40 9665
12 41 8661
12 42 9649
12 43 5287
12 44 4170
12 45 3379
12 46 4815
12 47 9483
12 48 2289
12 49 9257
12 50 9487
12 51 9355
12 52 3479
12 53 2015
12 54 1411
12 55 401
12 56 8615
12 57 8756
12 58 9541
12 59 2971
13 14 8189
13 15 9567
13 16 5117
13 17 7958
13 18 2698
13 19 8412
13 20 8865
13 21 8411
13 22 8472
13 23 7392
13 24 9546
13 25 9712
13 26 6594
13 27 5164
13 28 9185
13 29 8645
13 30 3707
13 31 8012
13 32 9892
13 33 4559
13 34 8312
13 35 2710
13 36 5209
13 37 7688
13 38 4853
13 39 1591
13 40 3141
13 41 4756
13 42 9958
13 43 6905
13 44 9044
13 45 1622
13 46 1578
13 47 9126
13 48 1210
13 49 7831
13 50 4978
13 51 2278
13 52 7118
13 53 6155
13 54 132
13 55 3624
13 56 1543
13 57 3502
13 58 3727
13 59 2200
14 15 3729
14 16 1145
14 17 8372
14 18 9098
14 19 673
14 20 5785
14 21 2283
14 22 5326
14 23 5318
14 24 6326
14 25 3306
14 26 9897
14 27 3335
14 28 6339
14 29 9254
14 30 5161
14 31 1196
14 32 5252
14 33 6305
14 34 514
14 35 3241
14 36 607
14 37 8010
14 38 2060
14 39 8418
14 40 1310
14 41 2987
14 42 1295
14 43 3783
14 44 7850
14 45 9434
14 46 5568
14 47 1865
14 48 7400
14 49 9529
14 50 5065
14 51 1661
14 52 4854
14 53 452
14 54 4108
14 55 9502
14 56 5500
14 57 3963
14 58 8112
14 59 5984
15 16 5976
15 17 7832
15 18 2470
15 19 4703
15 20 5188
15 21 9069
15 22 3595
15 23 9949
15 24 8293
15 25 5438
15 26 5793
15 27 8840
15 28 7847
15 29 3561
15 30 9298
15 31 5458
15 32 7743
15 33 1046
15 34 2558
15 35 678
15 36 6621
15 37 5617
15 38 612
15 39 8015
15 40 1208
15 41 6077
15 42 2667
15 43 1571
15 44 4724
15 45 5953
15 46 4046
15 47 5542
15 48 1686
15 49 8110
15 50 1324
15 51 6001
15 52 2123
15 53 7136
15 54 3769
15 55 3641
15 56 628
15 57 7473
15 58 5558
15 59 4128
16 17 2244
16 18 8771
16 19 7215
16 20 8684
16 21 9338
16 22 9167
16 23 6978
16 24 2691
16 25 6806
16 26 7399
16 27 1655
16 28 9232
16 29 4263
16 30 8864
16 31 399
16 32 2211
16 33 531
16 34 6173
16 35 6105
16 36 1923
16 37 3174
16 38 2276
16 39 5060
16 40 3425
16 41 5800
16 42 6525
16 43 53
16 44 9547
16 45 6834
16 46 3505
16 47 1214
16 48 144
16 49 7100
16 50 4364
16 51 6247
16 52 1678
16 53 8131
16 54 8203
16 55 5041
16 56 3780
16 57 9164
16 58 6673
16 59 9442
17 18 6592
17 19 2720
17 20 9587
17 21 3887
17 22 4387
17 23 658
17 24 109
17 25 5142
17 26 4415
17 27 7625
17 28 5461
17 29 1146
17 30 6888
17 31 135
17 32 8815
17 33 2176
17 34 2819
17 35 5205
17 36 9998
17 37 9968
17 38 1495
17 39 5877
17 40 1463
17 41 2446
17 42 8713
17 43 3096
17 44 3382
17 45 8024
17 46 1808
17 47 743
17 48 4905
17 49 2710
17 50 5547
17 51 1933
17 52 8183
17 53 8483
17 54 8726
17 55 6844
17 56 9436
17 57 1275
17 58 3994
17 59 5163
18 19 8926
18 20 2057
18 21 9631
18 22 4866
18 23 6802
18 24 6938
18 25 3562
18 26 2884
18 27 2115
18 28 961
18 29 7968
18 30 4686
18 31 4602
18 32 5433
18 33 2385
18 34 1872
18 35 553
18 36 6805
18 37 8086
18 38 7449
18 39 8503
18 40 3658
18 41 63
18 42 745
18 43 1135
18 44 5424
18 45 2766
18 46 5803
18 47 5410
18 48 7489
18 49 2220
18 50 2999
18 51 6809
18 52 1619
18 53 1188
18 54 3031
18 55 8730
18 56 7682
18 57 8921
18 58 6854
18 59 8498
19 20 7804
19 21 382
19 22 6839
19 23 6806
19 24 5073
19 25 3546
19 26 1946
19 27 692
19 28 4629
19 29 1879
19 30 7564
19 31 3015
19 32 8277
19 33 831
19 34 8437
19 35 9787
19 36 537
19 37 8687
19 38 9983
19 39 4935
19 40 4732
19 41 1921
19 42 7836
19 43 6246
19 44 8025
19 45 5169
19 46 2869
19 47 6702
19 48 5655
19 49 230
19 50 1790
19 51 9497
19 52 426
19 53 1788
19 54 9930
19 55 6802
19 56 8485
19 57 3949
19 58 2072
19 59 869
20 21 524
20 22 2315
20 23 7050
20 24 2501
20 25 7767
20 26 4411
20 27 1543
20 28 3199
20 29 7901
20 30 9028
20 31 5346
20 32 7182
20 33 9737
20 34 3724
20 35 182
20 36 8447
20 37 878
20 38 5084
20 39 1459
20 40 7521
20 41 7998
20 42 4250
20 43 4527
20 44 2579
20 45 472
20 46 1124
20 47 2198
20 48 7306
20 49 7724
20 50 2421
20 51 5136
20 52 9586
20 53 3286
20 54 9612
20 55 4421
20 56 1614
20 57 7300
20 58 4579
20 59 6689
21 22 5743
21 23 2326
21 24 5876
21 25 1088
21 26 2718
21 27 4522
21 28 8403
21 29 2545
21 30 2848
21 31 8165
21 32 5345
21 33 4289
21 34 8759
21 35 1638
21 36 7627
21 37 4281
21 38 7335
21 39 8913
21 40 8936
21 41 564
21 42 5114
21 43 3796
21 44 2983
21 45 164
21 46 2505
21 47 5606
21 48 3006
21 49 2206
21 50 6761
21 51 5224
21 52 3131
21 53 2517
21 54 7158
21 55 5029
21 56 5920
21 57 3317
21 58 5698
21 59 633
22 23 4529
22 24 9076
22 25 865
22 26 4269
22 27 5457
22 28 5575
22 29 597
22 30 6293
22 31 129
22 32 6354
22 33 8494
22 34 8071
22 35 9476
22 36 5492
22 37 5220
22 38 6324
22 39 1988
22 40 9683
22 41 2906
22 42 8613
22 43 5667
22 44 9101
22 45 1811
22 46 2347
22 47 2201
22 48 4245
22 49 2804
22 50 7103
22 51 7943
22 52 355
22 53 9369
22 54 7371
22 55 6255
22 56 9840
22 57 4688
22 58 3982
22 59 755
23 24 8443
23 25 9028
23 26 5050
23 27 7221
23 28 5432
23 29 853
23 30 1609
23 31 5814
23 32 6116
23 33 2096
23 34 6741
23 35 896
23 36 7882
23 37 5620
23 38 9260
23 39 3576
23 40 7735
23 41 654
23 42 312
23 43 1508
23 44 5221
23 45 2717
23 46 98
23 47 7878
23 48 4377
23 49 7496
23 50 7737
23 51 943
23 52 8038
23 53 911
23 54 243
23 55 490
23 56 9455
23 57 938
23 58 3389
23 59 6274
24 25 4503
24 26 591
24 27 2535
24 28 8463
24 29 6500
24 30 3933
24 31 7047
24 32 1982
24 33 5096
24 34 8153
24 35 306
24 36 9433
24 37 9203
24 38 684
24 39 6498
24 40 1159
24 41 9799
24 42 5349
24 43 1169
24 44 2657
24 45 9445
24 46 8659
24 47 838
24 48 9594
24 49 5879
24 50 6288
24 51 7024
24 52 4165
24 53 4538
24 54 1786
24 55 6589
24 56 1383
24 57 7713
24 58 9285
24 59 2477
25 26 4377
25 27 1084
25 28 1397
25 29 4263
25 30 8673
25 31 817
25 32 5377
25 33 6823
25 34 1504
25 35 3187
25 36 3375
25 37 78
25 38 9375
25 39 1932
25 40 8867
25 41 158
25 42 1406
25 43 6232
25 44 3394
25 45 2309
25 46 1864
25 47 4627
25 48 1470
25 49 9351
25 50 6946
25 51 4055
25 52 760
25 53 9731
25 54 8387
25 55 6244
25 56 2391
25 57 1318
25 58 3218
25 59 6229
26 27 7526
26 28 7277
26 29 7052
26 30 7832
26 31 1673
26 32 4210
26 33 1817
26 34 3313
26 35 213
26 36 1399
26 37 1926
26 38 1213
26 39 972
26 40 1274
26 41 7550
26 42 3081
26 43 8806
26 44 5570
26 45 4872
26 46 235
26 47 4644
26 48 8686
26 49 7619
26 50 6493
26 51 1875
26 52 9199
26 53 6419
26 54 572
26 55 8463
26 56 3721
26 57 208
26 58 7350
26 59 7632
27 28 9534
27 29 9173
27 30 2320
27 31 6181
27 32 3948
27 33 6562
27 34 2676
27 35 5576
27 36 5730
27 37 3276
27 38 9261
27 39 7481
27 40 7452
27 41 2531
27 42 178
27 43 4203
27 44 8931
27 45 9830
27 46 9175
27 47 3035
27 48 5681
27 49 2123
27 50 459
27 51 9716
27 52 4638
27 53 9576
27 54 7543
27 55 8587
27 56 2248
27 57 4379
27 58 5111
27 59 8630
28 29 5315
28 30 8195
28 31 3690
28 32 7168
28 33 6638
28 34 1529
28 35 4216
28 36 914
28 37 846
28 38 9082
28 39 9068
28 40 6842
28 41 4064
28 42 5874
28 43 9385
28 44 598
28 45 7278
28 46 5245
28 47 7636
28 48 9529
28 49 5564
28 50 4904
28 51 8466
28 52 7381
28 53 3223
28 54 6084
28 55 2035
28 56 3340
28 57 2828
28 58 1974
28 59 8329
29 30 9849
29 31 9458
29 32 1879
29 33 5131
29 34 7262
29 35 7728
29 36 2667
29 37 2923
29 38 1132
29 39 5906
29 40 6602
29 41 4285
29 42 6578
29 43 439
29 44 6067
29 45 6703
29 46 9904
29 47 4705
29 48 8002
29 49 4998
29 50 3900
29 51 2350
29 52 5801
29 53 798
29 54 1541
29 55 6806
29 56 3556
29 57 9162
29 58 4330
29 59 171
30 31 2137
30 32 4525
30 33 1282
30 34 8074
30 35 8832
30 36 9731
30 37 6162
30 38 4115
30 39 4238
30 40 5931
30 41 1889
30 42 230
30 43 2414
30 44 9699
30 45 5686
30 46 3575
30 47 6220
30 48 6597
30 49 6021
30 50 3008
30 51 5383
30 52 5209
30 53 3550
30 54 5881
30 55 6563
30 56 5032
30 57 1285
30 58 6073
30 59 3580
31 32 4282
31 33 8422
31 34 5173
31 35 762
31 36 7529
31 37 6017
31 38 1585
31 39 2257
31 40 4966
31 41 3724
31 42 9214
31 43 7204
31 44 6908
31 45 7464
31 46 39
31 47 5793
31 48 4367
31 49 7787
31 50 2029
31 51 8982
31 52 5558
31 53 7828
31 54 3745
31 55 3910
31 56 1263
31 57 7898
31 58 7712
31 59 1187
32 33 7080
32 34 4644
32 35 2161
32 36 3586
32 37 1994
32 38 5387
32 39 835
32 40 5616
32 41 9420
32 42 5786
32 43 1690
32 44 8828
32 45 1406
32 46 5686
32 47 5800
32 48 3219
32 49 6470
32 50 2037
32 51 7679
32 52 6087
32 53 3943
32 54 5710
32 55 2070
32 56 1753
32 57 4596
32 58 2281
32 59 53
33 34 1093
33 35 5517
33 36 7483
33 37 3324
33 38 6632
33 39 9168
33 40 6379
33 41 2833
33 42 7559
33 43 6221
33 44 1497
33 45 2599
33 46 7513
33 47 5591
33 48 9530
33 49 7850
33 50 1968
33 51 7001
33 52 980
33 53 5193
33 54 7526
33 55 9106
33 56 1023
33 57 3644
33 58 3864
33 59 3042
34 35 3851
34 36 6444
34 37 8987
34 38 3616
34 39 447
34 40 5576
34 41 9381
34 42 1495
34 43 2682
34 44 5845
34 45 6378
34 46 4429
34 47 1318
34 48 6511
34 49 4186
34 50 4520
34 51 9585
34 52 3357
34 53 944
34 54 3334
34 55 6983
34 56 8301
34 57 1292
34 58 6035
34 59 2713
35 36 4248
35 37 9274
35 38 1277
35 39 4038
35 40 5270
35 41 3943
35 42 4620
35 43 5175
35 44 3813
35 45 7802
35 46 7140
35 47 4039
35 48 7960
35 49 209
35 50 4457
35 51 5725
35 52 132
35 53 8595
35 54 7591
35 55 7624
35 56 206
35 57 6030
35 58 9700
35 59 315
36 37 2627
36 38 6878
36 39 5308
36 40 1994
36 41 1169
36 42 1518
36 43 3822
36 44 8792
36 45 5143
36 46 960
36 47 8572
36 48 6174
36 49 9637
36 50 7826
36 51 7689
36 52 219
36 53 2930
36 54 5028
36 55 2698
36 56 1379
36 57 1208
36 58 1548
36 59 5155
37 38 4155
37 39 2254
37 40 7844
37 41 6767
37 42 8812
37 43 2245
37 44 7089
37 45 2891
37 46 8294
37 47 7120
37 48 5566
37 49 6586
37 50 8856
37 51 361
37 52 4751
37 53 6581
37 54 4843
37 55 7472
37 56 1309
37 57 4762
37 58 4350
37 59 7949
38 39 4357
38 40 8050
38 41 7501
38 42 4843
38 43 3233
38 44 3851
38 45 1026
38 46 6159
38 47 266
38 48 2679
38 49 5254
38 50 6560
38 51 9445
38 52 6802
38 53 3090
38 54 5674
38 55 6994
38 56 5698
38 57 9881
38 58 9894
38 59 1947
39 40 899
39 41 4880
39 42 407
39 43 4231
39 44 832
39 45 1797
39 46 2219
39 47 1213
39 48 424
39 49 2183
39 50 7205
39 51 4117
39 52 3993
39 53 1627
39 54 6953
39 55 5344
39 56 1134
39 57 7671
39 58 7494
39 59 7382
40 41 171
40 42 3383
40 43 1544
40 44 8561
40 45 6060
40 46 3539
40 47 2096
40 48 4780
40 49 7548
40 50 5417
40 51 6810
40 52 7588
40 53 3262
40 54 1583
40 55 124
40 56 9127
40 57 6106
40 58 6305
40 59 7368
41 42 3063
41 43 9482
41 44 3784
41 45 4123
41 46 8305
41 47 1093
41 48 3448
41 49 6685
41 50 9673
41 51 8927
41 52 8994
41 53 7784
41 54 567
41 55 4583
41 56 9007
41 57 7890
41 58 2119
41 59 7375
42 43 9493
42 44 8088
42 45 4799
42 46 3919
42 47 9335
42 48 3298
42 49 9898
42 50 6459
42 51 3648
42 52 4774
42 53 7717
42 54 1397
42 55 8238
42 56 8522
42 57 4344
42 58 851
42 59 7791
43 44 6450
43 45 9753
43 46 5088
43 47 1837
43 48 1784
43 49 7763
43 50 8174
43 51 8628
43 52 3123
43 53 9646
43 54 9488
43 55 114
43 56 2190
43 57 7399
43 58 8505
43 59 1641
44 45 2386
44 46 9391
44 47 6034
44 48 8646
44 49 635
44 50 4215
44 51 2978
44 52 1447
44 53 7887
44 54 3139
44 55 5255
44 56 3198
44 57 6536
44 58 7784
44 59 1798
45 46 6985
45 47 1764
45 48 5011
45 49 569
45 50 4948
45 51 5153
45 52 4779
45 53 68
45 54 3804
45 55 2620
45 56 2292
45 57 6823
45 58 5769
45 59 5714
46 47 7170
46 48 6372
46 49 5641
46 50 4612
46 51 2150
46 52 3210
46 53 7064
46 54 8051
46 55 335
46 56 6565
46 57 8963
46 58 4026
46 59 3452
47 48 5787
47 49 4881
47 50 5220
47 51 38
47 52 9719
47 53 7659
47 54 2024
47 55 5282
47 56 9495
47 57 3991
47 58 824
47 59 979
48 49 3957
48 50 4020
48 51 889
48 52 6707
48 53 4813
48 54 1671
48 55 4918
48 56 8957
48 57 9591
48 58 9549
48 59 2828
49 50 923
49 51 3767
49 52 5207
49 53 1566
49 54 5550
49 55 6735
49 56 8488
49 57 6677
49 58 9899
49 59 4516
50 51 3060
50 52 6803
50 53 7826
50 54 4556
50 55 1431
50 56 5227
50 57 991
50 58 4614
50 59 1087
51 52 7387
51 53 3367
51 54 2441
51 55 1302
51 56 5452
51 57 1517
51 58 6506
51 59 1178
52 53 6888
52 54 616
52 55 8366
52 56 2076
52 57 2825
52 58 7465
52 59 5477
53 54 5895
53 55 9874
53 56 7425
53 57 5782
53 58 81
53 59 3563
54 55 6206
54 56 4425
54 57 4847
54 58 3186
54 59 9753
55 56 2917
55 57 3120
55 58 874
55 59 7950
56 57 7019
56 58 3625
56 59 6255
57 58 2433
57 59 370
58 59 924
