100 4950
0 1 886
0 2 501
0 3 306
0 4 337
0 5 415
0 6 592
0 7 602
0 8 484
0 9 914
0 10 356
0 11 354
0 12 571
0 13 796
0 14 695
0 15 191
0 16 890
0 17 318
0 18 617
0 19 143
0 20 936
0 21 796
0 22 912
0 23 153
0 24 504
0 25 36
0 26 879
0 27 498
0 28 812
0 29 695
0 30 258
0 31 166
0 32 423
0 33 542
0 34 953
0 35 437
0 36 292
0 37 859
0 38 451
0 39 706
0 40 647
0 41 655
0 42 399
0 43 132
0 44 186
0 45 929
0 46 267
0 47 183
0 48 355
0 49 732
0 50 758
0 51 82
0 52 672
0 53 207
0 54 338
0 55 403
0 56 18
0 57 248
0 58 128
0 59 534
0 60 41
0 61 920
0 62 664
0 63 427
0 64 584
0 65 938
0 66 586
0 67 54
0 68 808
0 69 445
0 70 61
0 71 68
0 72 632
0 73 591
0 74 317
0 75 437
0 76 22
0 77 2
0 78 354
0 79 844
0 80 830
0 81 618
0 82 819
0 83 220
0 84 966
0 85 904
0 86 84
0 87 57
0 88 316
0 89 426
0 90 485
0 91 659
0 92 406
0 93 99
0 94 35
0 95 260
0 96 751
0 97 291
0 98 591
0 99 474
1 2 336
1 3 192
1 4 699
1 5 246
1 6 466
1 7 475
1 8 863
1 9 411
1 10 82
1 11 286
1 12 683
1 13 123
1 14 207
1 15 243
1 16 420
1 17 990
1 18 641
1 19 6
1 20 670
1 21 907
1 22 837
1 23 534
1 24 346
1 25 322
1 26 478
1 27 12
1 28 676
1 29 788
1 30 626
1 31 39
1 32 589
1 33 435
1 34 883
1 35 641
1 36 136
1 37 724
1 38 673
1 39 334
1 40 14
1 41 483
1 42 139
1 43 127
1 44 836
1 45 655
1 46 426
1 47 70
1 48 607
1 49 984
1 50 328
1 51 179
1 52 162
1 53 235
1 54 148
1 55 515
1 56 691
1 57 581
1 58 387
1 59 397
1 60 370
1 61 610
1 62 707
1 63 439
1 64 690
1 65 297
1 66 763
1 67 10
1 68 778
1 69 280
1 70 499
1 71 975
1 72 416
1 73 771
1 74 356
1 75 175
1 76 850
1 77 61
1 78 705
1 79 655
1 80 751
1 81 986
1 82 995
1 83 397
1 84 965
1 85 907
1 86 204
1 87 14
1 88 529
1 89 450
1 90 491
1 91 83
1 92 921
1 93 459
1 94 858
1 95 478
1 96 542
1 97 152
1 98 867
1 99 539
2 3 837
2 4 943
2 5 305
2 6 626
2 7 637
2 8 361
2 9 666
2 10 741
2 11 135
2 12 556
2 13 972
2 14 258
2 15 808
2 16 943
2 17 259
2 18 989
2 19 398
2 20 102
2 21 990
2 22 641
2 23 807
2 24 340
2 25 439
2 26 105
2 27 160
2 28 66
2 29 379
2 30 464
2 31 483
2 32 21
2 33 51
2 34 853
2 35 778
2 36 870
2 37 626
2 38 131
2 39 909
2 40 783
2 41 908
2 42 203
2 43 88
2 44 577
2 45 596
2 46 281
2 47 16
2 48 67
2 49 116
2 50 249
2 51 478
2 52 682
2 53 619
2 54 320
2 55 660
2 56 601
2 57 8
2 58 216
2 59 940
2 60 569
2 61 571
2 62 481
2 63 589
2 64 104
2 65 454
2 66 708
2 67 177
2 68 763
2 69 913
2 70 845
2 71 313
2 72 892
2 73 109
2 74 118
2 75 897
2 76 460
2 77 957
2 78 222
2 79 702
2 80 426
2 81 908
2 82 20
2 83 633
2 84 232
2 85 227
2 86 218
2 87 683
2 88 626
2 89 114
2 90 163
2 91 314
2 92 309
2 93 934
2 94 757
2 95 921
2 96 627
2 97 434
2 98 675
2 99 378
3 4 482
3 5 614
3 6 784
3 7 509
3 8 998
3 9 982
3 10 125
3 11 608
3 12 249
3 13 598
3 14 168
3 15 897
3 16 197
3 17 412
3 18 134
3 19 339
3 20 948
3 21 910
3 22 715
3 23 751
3 24 782
3 25 845
3 26 194
3 27 177
3 28 294
3 29 134
3 30 626
3 31 743
3 32 628
3 33 728
3 34 634
3 35 663
3 36 7
3 37 269
3 38 410
3 39 18
3 40 158
3 41 304
3 42 430
3 43 255
3 44 120
3 45 463
3 46 696
3 47 51
3 48 376
3 49 407
3 50 366
3 51 288
3 52 476
3 53 294
3 54 283
3 55 176
3 56 37
3 57 693
3 58 95
3 59 613
3 60 864
3 61 606
3 62 428
3 63 828
3 64 712
3 65 859
3 66 3
3 67 268
3 68 440
3 69 534
3 70 557
3 71 271
3 72 723
3 73 163
3 74 153
3 75 403
3 76 867
3 77 92
3 78 584
3 79 419
3 80 400
3 81 158
3 82 224
3 83 884
3 84 570
3 85 521
3 86 455
3 87 384
3 88 83
3 89 18
3 90 994
3 91 71
3 92 799
3 93 179
3 94 120
3 95 871
3 96 751
3 97 279
3 98 189
3 99 106
4 5 929
4 6 532
4 7 205
4 8 513
4 9 351
4 10 259
4 11 477
4 12 121
4 13 917
4 14 314
4 15 59
4 16 226
4 17 222
4 18 37
4 19 850
4 20 264
4 21 484
4 22 682
4 23 246
4 24 17
4 25 210
4 26 955
4 27 72
4 28 663
4 29 225
4 30 204
4 31 125
4 32 784
4 33 473
4 34 848
4 35 150
4 36 894
4 37 508
4 38 119
4 39 344
4 40 6
4 41 201
4 42 949
4 43 680
4 44 476
4 45 984
4 46 595
4 47 658
4 48 320
4 49 996
4 50 424
4 51 979
4 52 916
4 53 301
4 54 884
4 55 409
4 56 804
4 57 338
4 58 816
4 59 890
4 60 190
4 61 571
4 62 258
4 63 886
4 64 382
4 65 88
4 66 889
4 67 644
4 68 737
4 69 434
4 70 426
4 71 786
4 72 373
4 73 951
4 74 209
4 75 93
4 76 920
4 77 382
4 78 446
4 79 607
4 80 428
4 81 372
4 82 867
4 83 291
4 84 995
4 85 375
4 86 225
4 87 159
4 88 520
4 89 652
4 90 749
4 91 562
4 92 131
4 93 141
4 94 340
4 95 186
4 96 228
4 97 363
4 98 889
4 99 292
5 6 386
5 7 169
5 8 481
5 9 508
5 10 613
5 11 195
5 12 128
5 13 48
5 14 400
5 15 426
5 16 233
5 17 632
5 18 92
5 19 428
5 20 426
5 21 10
5 22 865
5 23 160
5 24 551
5 25 37
5 26 732
5 27 642
5 28 579
5 29 839
5 30 934
5 31 951
5 32 142
5 33 389
5 34 835
5 35 939
5 36 229
5 37 247
5 38 997
5 39 296
5 40 282
5 41 246
5 42 198
5 43 919
5 44 105
5 45 377
5 46 122
5 47 884
5 48 873
5 49 240
5 50 379
5 51 507
5 52 484
5 53 401
5 54 243
5 55 812
5 56 275
5 57 502
5 58 145
5 59 490
5 60 935
5 61 685
5 62 355
5 63 607
5 64 907
5 65 526
5 66 433
5 67 839
5 68 612
5 69 770
5 70 947
5 71 205
5 72 786
5 73 948
5 74 441
5 75 483
5 76 402
5 77 843
5 78 150
5 79 60
5 80 672
5 81 556
5 82 381
5 83 82
5 84 560
5 85 275
5 86 746
5 87 453
5 88 869
5 89 628
5 90 391
5 91 694
5 92 226
5 93 314
5 94 25
5 95 364
5 96 804
5 97 837
5 98 396
5 99 466
6 7 49
6 8 151
6 9 83
6 10 777
6 11 205
6 12 755
6 13 799
6 14 352
6 15 415
6 16 434
6 17 956
6 18 452
6 19 755
6 20 966
6 21 85
6 22 916
6 23 881
6 24 716
6 25 124
6 26 154
6 27 278
6 28 647
6 29 180
6 30 905
6 31 603
6 32 170
6 33 403
6 34 345
6 35 652
6 36 451
6 37 666
6 38 677
6 39 936
6 40 716
6 41 60
6 42 985
6 43 899
6 44 406
6 45 197
6 46 568
6 47 194
6 48 550
6 49 522
6 50 38
6 51 271
6 52 274
6 53 970
6 54 612
6 55 592
6 56 993
6 57 587
6 58 305
6 59 562
6 60 517
6 61 426
6 62 502
6 63 50
6 64 871
6 65 482
6 66 959
6 67 493
6 68 222
6 69 329
6 70 523
6 71 617
6 72 509
6 73 600
6 74 273
6 75 479
6 76 941
6 77 935
6 78 439
6 79 451
6 80 200
6 81 561
6 82 341
6 83 948
6 84 449
6 85 916
6 86 854
6 87 611
6 88 716
6 89 139
6 90 827
6 91 925
6 92 180
6 93 665
6 94 652
6 95 397
6 96 422
6 97 754
6 98 127
6 99 735
7 8 605
7 9 920
7 10 660
7 11 253
7 12 486
7 13 590
7 14 567
7 15 647
7 16 268
7 17 255
7 18 927
7 19 3
7 20 230
7 21 423
7 22 554
7 23 948
7 24 115
7 25 84
7 26 462
7 27 93
7 28 223
7 29 544
7 30 736
7 31 527
7 32 928
7 33 341
7 34 364
7 35 20
7 36 818
7 37 216
7 38 520
7 39 787
7 40 1
7 41 674
7 42 439
7 43 291
7 44 18
7 45 474
7 46 325
7 47 781
7 48 384
7 49 378
7 50 569
7 51 480
7 52 833
7 53 377
7 54 72
7 55 125
7 56 153
7 57 932
7 58 841
7 59 149
7 60 727
7 61 862
7 62 967
7 63 40
7 64 551
7 65 581
7 66 544
7 67 267
7 68 537
7 69 335
7 70 170
7 71 1000
7 72 543
7 73 578
7 74 93
7 75 241
7 76 925
7 77 722
7 78 537
7 79 868
7 80 548
7 81 345
7 82 242
7 83 781
7 84 973
7 85 163
7 86 558
7 87 995
7 88 785
7 89 246
7 90 437
7 91 241
7 92 643
7 93 182
7 94 770
7 95 331
7 96 545
7 97 197
7 98 594
7 99 72
8 9 324
8 10 491
8 11 286
8 12 983
8 13 518
8 14 324
8 15 603
8 16 804
8 17 582
8 18 39
8 19 839
8 20 542
8 21 808
8 22 614
8 23 826
8 24 665
8 25 676
8 26 448
8 27 959
8 28 984
8 29 372
8 30 919
8 31 621
8 32 742
8 33 548
8 34 10
8 35 872
8 36 847
8 37 788
8 38 982
8 39 361
8 40 487
8 41 258
8 42 485
8 43 59
8 44 65
8 45 209
8 46 979
8 47 107
8 48 632
8 49 770
8 50 197
8 51 271
8 52 263
8 53 361
8 54 564
8 55 664
8 56 194
8 57 677
8 58 658
8 59 79
8 60 501
8 61 586
8 62 747
8 63 33
8 64 950
8 65 18
8 66 582
8 67 145
8 68 800
8 69 671
8 70 731
8 71 61
8 72 730
8 73 729
8 74 705
8 75 729
8 76 503
8 77 301
8 78 814
8 79 618
8 80 871
8 81 45
8 82 980
8 83 808
8 84 198
8 85 834
8 86 624
8 87 711
8 88 39
8 89 744
8 90 982
8 91 159
8 92 370
8 93 765
8 94 514
8 95 506
8 96 12
8 97 989
8 98 974
8 99 390
9 10 412
9 11 702
9 12 269
9 13 683
9 14 605
9 15 867
9 16 87
9 17 535
9 18 13
9 19 532
9 20 949
9 21 969
9 22 497
9 23 399
9 24 707
9 25 321
9 26 601
9 27 42
9 28 825
9 29 939
9 30 713
9 31 713
9 32 665
9 33 61
9 34 621
9 35 244
9 36 56
9 37 572
9 38 44
9 39 295
9 40 683
9 41 27
9 42 145
9 43 875
9 44 880
9 45 331
9 46 712
9 47 781
9 48 389
9 49 550
9 50 47
9 51 975
9 52 226
9 53 431
9 54 275
9 55 111
9 56 398
9 57 186
9 58 642
9 59 151
9 60 943
9 61 339
9 62 77
9 63 808
9 64 390
9 65 988
9 66 950
9 67 454
9 68 255
9 69 114
9 70 967
9 71 66
9 72 30
9 73 927
9 74 280
9 75 66
9 76 844
9 77 996
9 78 914
9 79 681
9 80 825
9 81 868
9 82 742
9 83 595
9 84 493
9 85 590
9 86 970
9 87 760
9 88 80
9 89 609
9 90 392
9 91 352
9 92 363
9 93 449
9 94 287
9 95 636
9 96 569
9 97 957
9 98 890
9 99 113
10 11 342
10 12 840
10 13 514
10 14 3
10 15 667
10 16 994
10 17 444
10 18 422
10 19 167
10 20 520
10 21 680
10 22 399
10 23 231
10 24 868
10 25 267
10 26 854
10 27 984
10 28 756
10 29 591
10 30 329
10 31 187
10 32 706
10 33 705
10 34 56
10 35 818
10 36 62
10 37 645
10 38 380
10 39 209
10 40 798
10 41 976
10 42 916
10 43 214
10 44 464
10 45 61
10 46 377
10 47 88
10 48 411
10 49 74
10 50 180
10 51 777
10 52 408
10 53 117
10 54 232
10 55 141
10 56 573
10 57 543
10 58 381
10 59 571
10 60 46
10 61 795
10 62 626
10 63 276
10 64 153
10 65 843
10 66 957
10 67 282
10 68 384
10 69 985
10 70 489
10 71 51
10 72 695
10 73 195
10 74 205
10 75 9
10 76 801
10 77 404
10 78 707
10 79 607
10 80 390
10 81 915
10 82 831
10 83 650
10 84 974
10 85 905
10 86 305
10 87 693
10 88 740
10 89 854
10 90 777
10 91 551
10 92 309
10 93 269
10 94 865
10 95 364
10 96 687
10 97 936
10 98 828
10 99 383
11 12 651
11 13 568
11 14 980
11 15 339
11 16 691
11 17 232
11 18 271
11 19 546
11 20 270
11 21 944
11 22 749
11 23 922
11 24 661
11 25 19
11 26 157
11 27 342
11 28 661
11 29 936
11 30 214
11 31 677
11 32 199
11 33 664
11 34 876
11 35 916
11 36 802
11 37 358
11 38 704
11 39 7
11 40 646
11 41 440
11 42 649
11 43 506
11 44 874
11 45 355
11 46 937
11 47 697
11 48 576
11 49 888
11 50 385
11 51 185
11 52 117
11 53 760
11 54 252
11 55 579
11 56 742
11 57 582
11 58 234
11 59 213
11 60 467
11 61 50
11 62 576
11 63 685
11 64 431
11 65 845
11 66 618
11 67 840
11 68 253
11 69 164
11 70 709
11 71 761
11 72 229
11 73 234
11 74 782
11 75 286
11 76 69
11 77 668
11 78 687
11 79 906
11 80 745
11 81 733
11 82 375
11 83 263
11 84 511
11 85 515
11 86 336
11 87 228
11 88 690
11 89 737
11 90 570
11 91 444
11 92 259
11 93 371
11 94 298
11 95 944
11 96 379
11 97 828
11 98 322
11 99 750
12 13 673
12 14 380
12 15 353
12 16 674
12 17 1000
12 18 889
12 19 280
12 20 58
12 21 735
12 22 886
12 23 704
12 24 755
12 25 899
12 26 957
12 27 672
12 28 727
12 29 536
12 30 256
12 31 140
12 32 992
12 33 106
12 34 132
12 35 78
12 36 628
12 37 451
12 38 376
12 39 398
12 40 463
12 41 352
12 42 221
12 43 569
12 44 690
12 45 508
12 46 652
12 47 826
12 48 123
12 49 873
12 50 221
12 51 665
12 52 105
12 53 286
12 54 915
12 55 236
12 56 942
12 57 238
12 58 988
12 59 864
12 60 910
12 61 168
12 62 856
12 63 863
12 64 99
12 65 408
12 66 716
12 67 22
12 68 453
12 69 391
12 70 118
12 71 342
12 72 210
12 73 841
12 74 505
12 75 297
12 76 191
12 77 297
12 78 16
12 79 13
12 80 937
12 81 536
12 82 708
12 83 815
12 84 638
12 85 310
12 86 367
12 87 755
12 88 655
12 89 903
12 90 328
12 91 728
12 92 310
12 93 142
12 94 631
12 95 553
12 96 145
12 97 185
12 98 194
12 99 200
13 14 25
13 15 189
13 16 718
13 17 758
13 18 568
13 19 891
13 20 754
13 21 680
13 22 557
13 23 541
13 24 393
13 25 81
13 26 175
13 27 301
13 28 470
13 29 910
13 30 940
13 31 837
13 32 226
13 33 944
13 34 711
13 35 962
13 36 985
13 37 851
13 38 930
13 39 332
13 40 766
13 41 1
13 42 880
13 43 122
13 44 138
13 45 675
13 46 707
13 47 309
13 48 433
13 49 785
13 50 438
13 51 57
13 52 568
13 53 295
13 54 34
13 55 908
13 56 327
13 57 54
13 58 964
13 59 747
13 60 860
13 61 734
13 62 183
13 63 989
13 64 590
13 65 820
13 66 325
13 67 608
13 68 132
13 69 983
13 70 659
13 71 425
13 72 444
13 73 366
13 74 642
13 75 797
13 76 599
13 77 156
13 78 751
13 79 884
13 80 607
13 81 666
13 82 129
13 83 349
13 84 880
13 85 407
13 86 417
13 87 973
13 88 759
13 89 879
13 90 509
13 91 76
13 92 140
13 93 593
13 94 745
13 95 678
13 96 701
13 97 85
13 98 549
13 99 631
14 15 631
14 16 729
14 17 463
14 18 222
14 19 257
14 20 601
14 21 39
14 22 694
14 23 958
14 24 481
14 25 324
14 26 227
14 27 829
14 28 113
14 29 97
14 30 610
14 31 966
14 32 978
14 33 152
14 34 274
14 35 768
14 36 936
14 37 771
14 38 758
14 39 156
14 40 661
14 41 470
14 42 986
14 43 292
14 44 415
14 45 274
14 46 848
14 47 114
14 48 737
14 49 52
14 50 911
14 51 273
14 52 362
14 53 769
14 54 537
14 55 257
14 56 669
14 57 478
14 58 43
14 59 69
14 60 293
14 61 66
14 62 782
14 63 602
14 64 33
14 65 757
14 66 377
14 67 331
14 68 90
14 69 235
14 70 613
14 71 656
14 72 863
14 73 128
14 74 602
14 75 112
14 76 517
14 77 869
14 78 529
14 79 398
14 80 651
14 81 265
14 82 51
14 83 567
14 84 34
14 85 312
14 86 145
14 87 942
14 88 73
14 89 571
14 90 402
14 91 531
14 92 763
14 93 334
14 94 902
14 95 433
14 96 873
14 97 410
14 98 171
14 99 790
15 16 913
15 17 506
15 18 483
15 19 962
15 20 888
15 21 860
15 22 344
15 23 135
15 24 296
15 25 540
15 26 451
15 27 12
15 28 568
15 29 855
15 30 398
15 31 22
15 32 199
15 33 835
15 34 277
15 35 208
15 36 491
15 37 388
15 38 939
15 39 974
15 40 142
15 41 423
15 42 226
15 43 920
15 44 998
15 45 246
15 46 527
15 47 181
15 48 777
15 49 604
15 50 347
15 51 393
15 52 695
15 53 26
15 54 718
15 55 23
15 56 564
15 57 529
15 58 307
15 59 777
15 60 402
15 61 967
15 62 813
15 63 987
15 64 239
15 65 979
15 66 740
15 67 587
15 68 389
15 69 187
15 70 854
15 71 690
15 72 998
15 73 909
15 74 361
15 75 677
15 76 348
15 77 190
15 78 920
15 79 639
15 80 680
15 81 414
15 82 984
15 83 986
15 84 983
15 85 247
15 86 394
15 87 864
15 88 876
15 89 602
15 90 168
15 91 893
15 92 435
15 93 243
15 94 920
15 95 449
15 96 745
15 97 614
15 98 299
15 99 147
16 17 560
16 18 467
16 19 398
16 20 340
16 21 343
16 22 95
16 23 758
16 24 119
16 25 970
16 26 135
16 27 58
16 28 229
16 29 850
16 30 22
16 31 370
16 32 538
16 33 675
16 34 953
16 35 219
16 36 574
16 37 560
16 38 773
16 39 63
16 40 40
16 41 719
16 42 92
16 43 500
16 44 530
16 45 905
16 46 859
16 47 211
16 48 840
16 49 721
16 50 186
16 51 301
16 52 658
16 53 392
16 54 523
16 55 416
16 56 684
16 57 290
16 58 157
16 59 766
16 60 176
16 61 563
16 62 586
16 63 743
16 64 686
16 65 151
16 66 935
16 67 173
16 68 25
16 69 39
16 70 398
16 71 696
16 72 230
16 73 579
16 74 427
16 75 393
16 76 901
16 77 844
16 78 725
16 79 108
16 80 244
16 81 228
16 82 716
16 83 707
16 84 981
16 85 199
16 86 33
16 87 962
16 88 790
16 89 639
16 90 998
16 91 655
16 92 645
16 93 48
16 94 176
16 95 948
16 96 300
16 97 331
16 98 314
16 99 761
17 18 10
17 19 546
17 20 85
17 21 821
17 22 504
17 23 935
17 24 110
17 25 79
17 26 248
17 27 149
17 28 333
17 29 808
17 30 787
17 31 831
17 32 560
17 33 71
17 34 662
17 35 296
17 36 534
17 37 864
17 38 40
17 39 987
17 40 454
17 41 136
17 42 406
17 43 27
17 44 455
17 45 462
17 46 915
17 47 888
17 48 280
17 49 954
17 50 636
17 51 276
17 52 461
17 53 144
17 54 63
17 55 930
17 56 646
17 57 136
17 58 382
17 59 511
17 60 700
17 61 74
17 62 285
17 63 791
17 64 154
17 65 929
17 66 812
17 67 293
17 68 189
17 69 714
17 70 645
17 71 118
17 72 364
17 73 921
17 74 11
17 75 852
17 76 903
17 77 781
17 78 419
17 79 810
17 80 590
17 81 14
17 82 838
17 83 827
17 84 414
17 85 291
17 86 991
17 87 168
17 88 291
17 89 44
17 90 679
17 91 585
17 92 520
17 93 275
17 94 475
17 95 791
17 96 746
17 97 69
17 98 633
17 99 52
18 19 182
18 20 929
18 21 529
18 22 585
18 23 508
18 24 856
18 25 111
18 26 783
18 27 935
18 28 668
18 29 847
18 30 296
18 31 346
18 32 19
18 33 849
18 34 408
18 35 520
18 36 124
18 37 630
18 38 162
18 39 108
18 40 778
18 41 809
18 42 458
18 43 225
18 44 825
18 45 349
18 46 595
18 47 846
18 48 524
18 49 140
18 50 188
18 51 235
18 52 986
18 53 486
18 54 75
18 55 997
18 56 939
18 57 412
18 58 943
18 59 306
18 60 789
18 61 910
18 62 256
18 63 15
18 64 804
18 65 113
18 66 895
18 67 12
18 68 840
18 69 479
18 70 439
18 71 895
18 72 192
18 73 542
18 74 999
18 75 851
18 76 514
18 77 504
18 78 676
18 79 195
18 80 31
18 81 704
18 82 743
18 83 766
18 84 869
18 85 568
18 86 910
18 87 878
18 88 909
18 89 395
18 90 884
18 91 287
18 92 393
18 93 222
18 94 805
18 95 275
18 96 738
18 97 586
18 98 536
18 99 547
19 20 369
19 21 383
19 22 305
19 23 874
19 24 382
19 25 667
19 26 551
19 27 591
19 28 914
19 29 520
19 30 591
19 31 480
19 32 377
19 33 857
19 34 443
19 35 957
19 36 872
19 37 426
19 38 143
19 39 427
19 40 72
19 41 382
19 42 361
19 43 878
19 44 701
19 45 781
19 46 981
19 47 207
19 48 254
19 49 572
19 50 682
19 51 750
19 52 306
19 53 567
19 54 268
19 55 168
19 56 484
19 57 739
19 58 543
19 59 889
19 60 770
19 61 680
19 62 488
19 63 967
19 64 28
19 65 911
19 66 544
19 67 596
19 68 842
19 69 722
19 70 916
19 71 902
19 72 630
19 73 730
19 74 835
19 75 573
19 76 137
19 77 542
19 78 367
19 79 513
19 80 685
19 81 236
19 82 191
19 83 913
19 84 645
19 85 694
19 86 427
19 87 724
19 88 295
19 89 932
19 90 201
19 91 842
19 92 528
19 93 31
19 94 48
19 95 718
19 96 642
19 97 319
19 98 680
19 99 128
20 21 843
20 22 894
20 23 467
20 24 784
20 25 783
20 26 147
20 27 997
20 28 601
20 29 783
20 30 627
20 31 518
20 32 703
20 33 511
20 34 26
20 35 656
20 36 78
20 37 624
20 38 531
20 39 525
20 40 426
20 41 104
20 42 167
20 43 949
20 44 868
20 45 119
20 46 913
20 47 999
20 48 373
20 49 975
20 50 113
20 51 896
20 52 249
20 53 893
20 54 828
20 55 717
20 56 468
20 57 150
20 58 18
20 59 912
20 60 253
20 61 992
20 62 979
20 63 985
20 64 382
20 65 421
20 66 131
20 67 1
20 68 74
20 69 112
20 70 482
20 71 591
20 72 215
20 73 848
20 74 556
20 75 337
20 76 516
20 77 724
20 78 827
20 79 905
20 80 439
20 81 908
20 82 205
20 83 46
20 84 763
20 85 715
20 86 976
20 87 882
20 88 939
20 89 249
20 90 662
20 91 229
20 92 686
20 93 143
20 94 982
20 95 286
20 96 330
20 97 866
20 98 105
20 99 421
21 22 955
21 23 794
21 24 377
21 25 674
21 26 915
21 27 967
21 28 857
21 29 598
21 30 504
21 31 202
21 32 996
21 33 666
21 34 42
21 35 51
21 36 414
21 37 943
21 38 791
21 39 117
21 40 58
21 41 991
21 42 823
21 43 498
21 44 263
21 45 356
21 46 250
21 47 640
21 48 367
21 49 314
21 50 373
21 51 451
21 52 112
21 53 324
21 54 103
21 55 267
21 56 189
21 57 897
21 58 899
21 59 470
21 60 102
21 61 760
21 62 430
21 63 441
21 64 674
21 65 797
21 66 853
21 67 357
21 68 854
21 69 702
21 70 302
21 71 160
21 72 258
21 73 707
21 74 321
21 75 316
21 76 846
21 77 881
21 78 683
21 79 842
21 80 274
21 81 958
21 82 16
21 83 991
21 84 878
21 85 90
21 86 668
21 87 601
21 88 140
21 89 127
21 90 196
21 91 69
21 92 957
21 93 991
21 94 235
21 95 832
21 96 240
21 97 902
21 98 139
21 99 691
22 23 879
22 24 132
22 25 953
22 26 530
22 27 453
22 28 423
22 29 16
22 30 25
22 31 560
22 32 444
22 33 737
22 34 860
22 35 146
22 36 518
22 37 87
22 38 406
22 39 716
22 40 344
22 41 385
22 42 709
22 43 223
22 44 596
22 45 794
22 46 842
22 47 736
22 48 698
22 49 317
22 50 801
22 51 406
22 52 812
22 53 879
22 54 65
22 55 136
22 56 7
22 57 835
22 58 544
22 59 492
22 60 843
22 61 630
22 62 767
22 63 507
22 64 887
22 65 296
22 66 139
22 67 308
22 68 258
22 69 129
22 70 882
22 71 934
22 72 12
22 73 138
22 74 972
22 75 749
22 76 600
22 77 649
22 78 127
22 79 72
22 80 506
22 81 117
22 82 867
22 83 424
22 84 946
22 85 708
22 86 153
22 87 444
22 88 470
22 89 867
22 90 888
22 91 451
22 92 964
22 93 359
22 94 109
22 95 509
22 96 930
22 97 670
22 98 382
22 99 391
23 24 902
23 25 85
23 26 570
23 27 871
23 28 982
23 29 144
23 30 252
23 31 433
23 32 6
23 33 365
23 34 105
23 35 853
23 36 495
23 37 649
23 38 212
23 39 625
23 40 750
23 41 987
23 42 15
23 43 445
23 44 110
23 45 407
23 46 985
23 47 860
23 48 190
23 49 743
23 50 919
23 51 733
23 52 122
23 53 75
23 54 981
23 55 66
23 56 970
23 57 689
23 58 745
23 59 119
23 60 783
23 61 948
23 62 709
23 63 291
23 64 201
23 65 742
23 66 755
23 67 890
23 68 595
23 69 418
23 70 756
23 71 129
23 72 87
23 73 486
23 74 490
23 75 634
23 76 246
23 77 798
23 78 834
23 79 665
23 80 248
23 81 168
23 82 967
23 83 606
23 84 492
23 85 865
23 86 947
23 87 830
23 88 535
23 89 6
23 90 200
23 91 383
23 92 854
23 93 770
23 94 565
23 95 453
23 96 87
23 97 113
23 98 594
23 99 13
24 25 663
24 26 523
24 27 546
24 28 186
24 29 174
24 30 51
24 31 855
24 32 862
24 33 743
24 34 930
24 35 629
24 36 342
24 37 159
24 38 10
24 39 228
24 40 763
24 41 173
24 42 820
24 43 840
24 44 386
24 45 952
24 46 185
24 47 653
24 48 572
24 49 485
24 50 993
24 51 322
24 52 786
24 53 423
24 54 65
24 55 697
24 56 728
24 57 672
24 58 921
24 59 290
24 60 175
24 61 77
24 62 282
24 63 710
24 64 8
24 65 248
24 66 611
24 67 625
24 68 173
24 69 724
24 70 407
24 71 703
24 72 137
24 73 712
24 74 361
24 75 858
24 76 84
24 77 254
24 78 743
24 79 85
24 80 881
24 81 636
24 82 725
24 83 742
24 84 373
24 85 849
24 86 447
24 87 251
24 88 206
24 89 729
24 90 600
24 91 49
24 92 589
24 93 63
24 94 142
24 95 559
24 96 859
24 97 708
24 98 624
24 99 865
25 26 196
25 27 272
25 28 275
25 29 199
25 30 923
25 31 821
25 32 470
25 33 33
25 34 799
25 35 886
25 36 576
25 37 565
25 38 44
25 39 577
25 40 999
25 41 602
25 42 108
25 43 52
25 44 552
25 45 1
25 46 424
25 47 429
25 48 101
25 49 524
25 50 584
25 51 62
25 52 532
25 53 972
25 54 888
25 55 209
25 56 878
25 57 562
25 58 931
25 59 564
25 60 547
25 61 304
25 62 678
25 63 583
25 64 632
25 65 777
25 66 955
25 67 473
25 68 844
25 69 633
25 70 156
25 71 704
25 72 673
25 73 825
25 74 973
25 75 516
25 76 695
25 77 521
25 78 266
25 79 698
25 80 352
25 81 763
25 82 150
25 83 145
25 84 932
25 85 810
25 86 386
25 87 552
25 88 535
25 89 16
25 90 730
25 91 905
25 92 360
25 93 227
25 94 739
25 95 87
25 96 775
25 97 497
25 98 141
25 99 735
26 27 843
26 28 944
26 29 28
26 30 595
26 31 430
26 32 445
26 33 486
26 34 355
26 35 111
26 36 60
26 37 251
26 38 214
26 39 628
26 40 328
26 41 795
26 42 917
26 43 496
26 44 438
26 45 759
26 46 35
26 47 288
26 48 36
26 49 3
26 50 559
26 51 502
26 52 790
26 53 368
26 54 983
26 55 143
26 56 18
26 57 785
26 58 900
26 59 892
26 60 291
26 61 328
26 62 857
26 63 481
26 64 312
26 65 836
26 66 385
26 67 994
26 68 677
26 69 51
26 70 31
26 71 456
26 72 526
26 73 767
26 74 190
26 75 282
26 76 996
26 77 948
26 78 928
26 79 615
26 80 821
26 81 203
26 82 786
26 83 406
26 84 524
26 85 170
26 86 777
26 87 956
26 88 295
26 89 229
26 90 154
26 91 904
26 92 875
26 93 656
26 94 358
26 95 917
26 96 597
26 97 928
26 98 982
26 99 442
27 28 34
27 29 286
27 30 789
27 31 329
27 32 902
27 33 609
27 34 571
27 35 697
27 36 106
27 37 984
27 38 819
27 39 175
27 40 924
27 41 111
27 42 247
27 43 51
27 44 709
27 45 604
27 46 429
27 47 68
27 48 730
27 49 222
27 50 960
27 51 284
27 52 299
27 53 42
27 54 983
27 55 932
27 56 637
27 57 331
27 58 736
27 59 4
27 60 91
27 61 799
27 62 982
27 63 142
27 64 777
27 65 466
27 66 96
27 67 738
27 68 715
27 69 268
27 70 280
27 71 835
27 72 61
27 73 821
27 74 627
27 75 283
27 76 110
27 77 677
27 78 224
27 79 359
27 80 484
27 81 957
27 82 856
27 83 818
27 84 301
27 85 604
27 86 552
27 87 294
27 88 740
27 89 900
27 90 10
27 91 145
27 92 368
27 93 224
27 94 508
27 95 516
27 96 391
27 97 18
27 98 962
27 99 811
28 29 396
28 30 10
28 31 218
28 32 394
28 33 270
28 34 600
28 35 506
28 36 378
28 37 864
28 38 650
28 39 623
28 40 912
28 41 528
28 42 72
28 43 421
28 44 855
28 45 575
28 46 39
28 47 538
28 48 138
28 49 364
28 50 806
28 51 197
28 52 57
28 53 558
28 54 954
28 55 286
28 56 882
28 57 938
28 58 377
28 59 691
28 60 469
28 61 505
28 62 865
28 63 851
28 64 835
28 65 243
28 66 7
28 67 241
28 68 878
28 69 897
28 70 451
28 71 230
28 72 782
28 73 853
28 74 126
28 75 341
28 76 957
28 77 315
28 78 816
28 79 681
28 80 38
28 81 474
28 82 855
28 83 519
28 84 453
28 85 894
28 86 923
28 87 581
28 88 394
28 89 749
28 90 677
28 91 148
28 92 740
28 93 828
28 94 931
28 95 710
28 96 789
28 97 802
28 98 341
28 99 528
29 30 897
29 31 139
29 32 451
29 33 48
29 34 690
29 35 658
29 36 699
29 37 263
29 38 309
29 39 675
29 40 301
29 41 193
29 42 721
29 43 775
29 44 497
29 45 399
29 46 754
29 47 204
29 48 160
29 49 428
29 50 890
29 51 737
29 52 328
29 53 102
29 54 357
29 55 873
29 56 852
29 57 675
29 58 868
29 59 857
29 60 211
29 61 143
29 62 622
29 63 606
29 64 403
29 65 767
29 66 939
29 67 463
29 68 229
29 69 66
29 70 856
29 71 5
29 72 832
29 73 592
29 74 385
29 75 596
29 76 909
29 77 510
29 78 907
29 79 805
29 80 987
29 81 945
29 82 427
29 83 103
29 84 192
29 85 944
29 86 880
29 87 255
29 88 644
29 89 724
29 90 544
29 91 395
29 92 414
29 93 212
29 94 270
29 95 279
29 96 370
29 97 779
29 98 790
29 99 823
30 31 858
30 32 302
30 33 991
30 34 918
30 35 545
30 36 570
30 37 444
30 38 168
30 39 602
30 40 30
30 41 435
30 42 733
30 43 902
30 44 385
30 45 532
30 46 702
30 47 235
30 48 513
30 49 930
30 50 662
30 51 934
30 52 531
30 53 628
30 54 974
30 55 840
30 56 172
30 57 375
30 58 566
30 59 444
30 60 965
30 61 196
30 62 219
30 63 322
30 64 438
30 65 691
30 66 712
30 67 150
30 68 908
30 69 183
30 70 655
30 71 211
30 72 650
30 73 966
30 74 994
30 75 905
30 76 823
30 77 285
30 78 239
30 79 993
30 80 294
30 81 829
30 82 449
30 83 892
30 84 442
30 85 251
30 86 781
30 87 204
30 88 144
30 89 443
30 90 723
30 91 279
30 92 420
30 93 387
30 94 106
30 95 652
30 96 732
30 97 689
30 98 931
30 99 443
31 32 995
31 33 305
31 34 783
31 35 600
31 36 976
31 37 892
31 38 876
31 39 617
31 40 789
31 41 608
31 42 502
31 43 260
31 44 387
31 45 828
31 46 789
31 47 73
31 48 945
31 49 929
31 50 39
31 51 561
31 52 547
31 53 884
31 54 700
31 55 105
31 56 778
31 57 154
31 58 452
31 59 351
31 60 835
31 61 35
31 62 973
31 63 129
31 64 991
31 65 396
31 66 651
31 67 206
31 68 209
31 69 447
31 70 485
31 71 408
31 72 4
31 73 582
31 74 956
31 75 137
31 76 196
31 77 481
31 78 597
31 79 99
31 80 39
31 81 281
31 82 167
31 83 85
31 84 892
31 85 936
31 86 249
31 87 989
31 88 762
31 89 951
31 90 278
31 91 386
31 92 785
31 93 71
31 94 940
31 95 881
31 96 344
31 97 247
31 98 581
31 99 619
32 33 863
32 34 865
32 35 70
32 36 390
32 37 871
32 38 928
32 39 107
32 40 220
32 41 210
32 42 152
32 43 839
32 44 1000
32 45 85
32 46 716
32 47 540
32 48 897
32 49 920
32 50 527
32 51 159
32 52 790
32 53 271
32 54 423
32 55 362
32 56 208
32 57 854
32 58 53
32 59 268
32 60 551
32 61 948
32 62 855
32 63 20
32 64 124
32 65 59
32 66 458
32 67 815
32 68 684
32 69 354
32 70 562
32 71 358
32 72 80
32 73 904
32 74 561
32 75 144
32 76 420
32 77 782
32 78 850
32 79 628
32 80 52
32 81 552
32 82 832
32 83 165
32 84 382
32 85 486
32 86 582
32 87 435
32 88 940
32 89 858
32 90 689
32 91 614
32 92 502
32 93 302
32 94 420
32 95 7
32 96 299
32 97 588
32 98 276
32 99 529
33 34 923
33 35 996
33 36 594
33 37 390
33 38 643
33 39 920
33 40 813
33 41 606
33 42 289
33 43 668
33 44 485
33 45 927
33 46 48
33 47 901
33 48 797
33 49 519
33 50 739
33 51 840
33 52 438
33 53 190
33 54 292
33 55 834
33 56 757
33 57 319
33 58 866
33 59 305
33 60 885
33 61 775
33 62 751
33 63 18
33 64 298
33 65 705
33 66 231
33 67 641
33 68 46
33 69 547
33 70 98
33 71 804
33 72 282
33 73 369
33 74 82
33 75 145
33 76 921
33 77 489
33 78 844
33 79 538
33 80 103
33 81 20
33 82 235
33 83 533
33 84 758
33 85 731
33 86 442
33 87 626
33 88 468
33 89 342
33 90 247
33 91 549
33 92 901
33 93 517
33 94 25
33 95 927
33 96 623
33 97 744
33 98 661
33 99 580
34 35 787
34 36 579
34 37 81
34 38 811
34 39 517
34 40 582
34 41 904
34 42 228
34 43 841
34 44 888
34 45 159
34 46 111
34 47 212
34 48 74
34 49 199
34 50 246
34 51 842
34 52 64
34 53 936
34 54 115
34 55 103
34 56 889
34 57 169
34 58 427
34 59 420
34 60 988
34 61 441
34 62 236
34 63 23
34 64 22
34 65 270
34 66 280
34 67 430
34 68 690
34 69 560
34 70 556
34 71 157
34 72 495
34 73 665
34 74 132
34 75 977
34 76 808
34 77 266
34 78 78
34 79 491
34 80 249
34 81 246
34 82 839
34 83 551
34 84 52
34 85 914
34 86 13
34 87 746
34 88 331
34 89 99
34 90 934
34 91 630
34 92 25
34 93 362
34 94 185
34 95 286
34 96 192
34 97 332
34 98 511
34 99 781
35 36 653
35 37 722
35 38 471
35 39 814
35 40 571
35 41 544
35 42 528
35 43 132
35 44 293
35 45 117
35 46 525
35 47 138
35 48 907
35 49 657
35 50 110
35 51 24
35 52 457
35 53 394
35 54 361
35 55 106
35 56 809
35 57 918
35 58 645
35 59 747
35 60 442
35 61 412
35 62 870
35 63 908
35 64 433
35 65 332
35 66 550
35 67 94
35 68 308
35 69 736
35 70 432
35 71 797
35 72 695
35 73 862
35 74 577
35 75 851
35 76 668
35 77 313
35 78 775
35 79 137
35 80 312
35 81 639
35 82 978
35 83 569
35 84 920
35 85 103
35 86 383
35 87 656
35 88 535
35 89 708
35 90 997
35 91 59
35 92 479
35 93 869
35 94 232
35 95 647
35 96 322
35 97 463
35 98 771
35 99 965
36 37 413
36 38 78
36 39 696
36 40 226
36 41 916
36 42 593
36 43 880
36 44 99
36 45 868
36 46 268
36 47 395
36 48 484
36 49 7
36 50 571
36 51 627
36 52 934
36 53 452
36 54 667
36 55 885
36 56 618
36 57 969
36 58 728
36 59 26
36 60 259
36 61 635
36 62 678
36 63 594
36 64 43
36 65 187
36 66 531
36 67 182
36 68 811
36 69 506
36 70 338
36 71 415
36 72 349
36 73 810
36 74 712
36 75 697
36 76 638
36 77 888
36 78 366
36 79 462
36 80 451
36 81 411
36 82 590
36 83 107
36 84 921
36 85 341
36 86 689
36 87 524
36 88 594
36 89 870
36 90 489
36 91 305
36 92 142
36 93 756
36 94 898
36 95 906
36 96 725
36 97 917
36 98 332
36 99 349
37 38 574
37 39 139
37 40 596
37 41 350
37 42 549
37 43 644
37 44 979
37 45 209
37 46 132
37 47 44
37 48 539
37 49 349
37 50 964
37 51 809
37 52 693
37 53 280
37 54 702
37 55 107
37 56 897
37 57 110
37 58 346
37 59 89
37 60 231
37 61 304
37 62 611
37 63 141
37 64 175
37 65 705
37 66 184
37 67 137
37 68 547
37 69 115
37 70 602
37 71 382
37 72 141
37 73 978
37 74 681
37 75 961
37 76 869
37 77 864
37 78 390
37 79 244
37 80 632
37 81 357
37 82 624
37 83 924
37 84 474
37 85 112
37 86 761
37 87 773
37 88 314
37 89 589
37 90 711
37 91 563
37 92 964
37 93 891
37 94 374
37 95 833
37 96 566
37 97 395
37 98 82
37 99 352
38 39 923
38 40 187
38 41 773
38 42 830
38 43 191
38 44 171
38 45 674
38 46 719
38 47 924
38 48 651
38 49 925
38 50 247
38 51 889
38 52 204
38 53 675
38 54 301
38 55 974
38 56 335
38 57 711
38 58 513
38 59 960
38 60 566
38 61 340
38 62 912
38 63 196
38 64 260
38 65 290
38 66 489
38 67 768
38 68 347
38 69 268
38 70 807
38 71 252
38 72 139
38 73 544
38 74 329
38 75 277
38 76 25
38 77 385
38 78 235
38 79 746
38 80 194
38 81 836
38 82 224
38 83 732
38 84 105
38 85 115
38 86 798
38 87 983
38 88 949
38 89 858
38 90 668
38 91 951
38 92 505
38 93 818
38 94 94
38 95 806
38 96 620
38 97 255
38 98 76
38 99 669
39 40 411
39 41 196
39 42 576
39 43 168
39 44 630
39 45 132
39 46 308
39 47 775
39 48 8
39 49 31
39 50 845
39 51 689
39 52 704
39 53 390
39 54 102
39 55 36
39 56 394
39 57 230
39 58 867
39 59 87
39 60 278
39 61 599
39 62 142
39 63 570
39 64 83
39 65 651
39 66 186
39 67 628
39 68 926
39 69 499
39 70 830
39 71 906
39 72 628
39 73 982
39 74 810
39 75 94
39 76 793
39 77 889
39 78 647
39 79 259
39 80 356
39 81 968
39 82 890
39 83 512
39 84 364
39 85 938
39 86 483
39 87 767
39 88 662
39 89 851
39 90 915
39 91 942
39 92 518
39 93 994
39 94 792
39 95 840
39 96 911
39 97 501
39 98 303
39 99 950
40 41 583
40 42 610
40 43 811
40 44 71
40 45 265
40 46 197
40 47 974
40 48 314
40 49 302
40 50 305
40 51 177
40 52 552
40 53 878
40 54 823
40 55 65
40 56 846
40 57 763
40 58 128
40 59 596
40 60 822
40 61 581
40 62 409
40 63 229
40 64 898
40 65 364
40 66 798
40 67 221
40 68 423
40 69 150
40 70 678
40 71 790
40 72 419
40 73 769
40 74 965
40 75 126
40 76 404
40 77 367
40 78 36
40 79 822
40 80 612
40 81 191
40 82 228
40 83 608
40 84 849
40 85 625
40 86 919
40 87 248
40 88 144
40 89 894
40 90 742
40 91 459
40 92 962
40 93 193
40 94 773
40 95 417
40 96 362
40 97 730
40 98 455
40 99 28
41 42 27
41 43 711
41 44 507
41 45 109
41 46 718
41 47 805
41 48 448
41 49 598
41 50 484
41 51 571
41 52 836
41 53 805
41 54 484
41 55 256
41 56 187
41 57 662
41 58 554
41 59 5
41 60 730
41 61 812
41 62 623
41 63 320
41 64 881
41 65 349
41 66 508
41 67 983
41 68 273
41 69 504
41 70 49
41 71 229
41 72 204
41 73 18
41 74 559
41 75 214
41 76 937
41 77 791
41 78 923
41 79 37
41 80 591
41 81 912
41 82 12
41 83 911
41 84 914
41 85 486
41 86 530
41 87 971
41 88 554
41 89 951
41 90 19
41 91 46
41 92 392
41 93 647
41 94 238
41 95 541
41 96 273
41 97 95
41 98 908
41 99 138
42 43 100
42 44 991
42 45 357
42 46 437
42 47 347
42 48 180
42 49 926
42 50 202
42 51 302
42 52 919
42 53 338
42 54 919
42 55 162
42 56 810
42 57 918
42 58 932
42 59 269
42 60 373
42 61 525
42 62 878
42 63 420
42 64 74
42 65 454
42 66 272
42 67 901
42 68 304
42 69 363
42 70 215
42 71 450
42 72 123
42 73 974
42 74 822
42 75 749
42 76 179
42 77 640
42 78 38
42 79 208
42 80 845
42 81 842
42 82 517
42 83 515
42 84 697
42 85 188
42 86 815
42 87 807
42 88 467
42 89 263
42 90 729
42 91 243
42 92 45
42 93 410
42 94 230
42 95 189
42 96 634
42 97 957
42 98 907
42 99 621
43 44 850
43 45 307
43 46 233
43 47 455
43 48 377
43 49 275
43 50 274
43 51 993
43 52 597
43 53 887
43 54 46
43 55 677
43 56 233
43 57 715
43 58 580
43 59 627
43 60 664
43 61 861
43 62 184
43 63 56
43 64 503
43 65 824
43 66 8
43 67 827
43 68 970
43 69 585
43 70 470
43 71 710
43 72 850
43 73 212
43 74 673
43 75 301
43 76 812
43 77 24
43 78 872
43 79 563
43 80 187
43 81 312
43 82 146
43 83 301
43 84 510
43 85 420
43 86 548
43 87 590
43 88 647
43 89 581
43 90 733
43 91 248
43 92 448
43 93 456
43 94 846
43 95 989
43 96 680
43 97 11
43 98 746
43 99 46
44 45 490
44 46 821
44 47 959
44 48 329
44 49 520
44 50 766
44 51 280
44 52 544
44 53 542
44 54 832
44 55 24
44 56 253
44 57 300
44 58 860
44 59 178
44 60 548
44 61 43
44 62 905
44 63 191
44 64 85
44 65 510
44 66 890
44 67 560
44 68 115
44 69 856
44 70 180
44 71 846
44 72 918
44 73 199
44 74 34
44 75 465
44 76 46
44 77 664
44 78 450
44 79 818
44 80 430
44 81 49
44 82 450
44 83 180
44 84 677
44 85 760
44 86 572
44 87 949
44 88 6
44 89 932
44 90 16
44 91 56
44 92 52
44 93 736
44 94 725
44 95 961
44 96 131
44 97 830
44 98 800
44 99 456
45 46 887
45 47 156
45 48 161
45 49 912
45 50 486
45 51 941
45 52 881
45 53 221
45 54 894
45 55 312
45 56 502
45 57 947
45 58 823
45 59 771
45 60 55
45 61 464
45 62 862
45 63 715
45 64 2
45 65 436
45 66 939
45 67 937
45 68 561
45 69 919
45 70 436
45 71 816
45 72 295
45 73 645
45 74 595
45 75 712
45 76 193
45 77 148
45 78 910
45 79 613
45 80 272
45 81 957
45 82 954
45 83 237
45 84 716
45 85 686
45 86 349
45 87 897
45 88 344
45 89 393
45 90 83
45 91 556
45 92 526
45 93 137
45 94 13
45 95 638
45 96 764
45 97 2
45 98 314
45 99 672
46 47 704
46 48 99
46 49 981
46 50 274
46 51 425
46 52 643
46 53 199
46 54 176
46 55 196
46 56 271
46 57 757
46 58 635
46 59 139
46 60 322
46 61 208
46 62 719
46 63 683
46 64 198
46 65 521
46 66 606
46 67 692
46 68 255
46 69 846
46 70 377
46 71 800
46 72 776
46 73 836
46 74 281
46 75 484
46 76 920
46 77 809
46 78 50
46 79 932
46 80 743
46 81 630
46 82 240
46 83 833
46 84 267
46 85 883
46 86 377
46 87 51
46 88 471
46 89 684
46 90 416
46 91 723
46 92 683
46 93 529
46 94 798
46 95 415
46 96 452
46 97 22
46 98 754
46 99 245
47 48 89
47 49 22
47 50 283
47 51 164
47 52 438
47 53 60
47 54 279
47 55 168
47 56 82
47 57 920
47 58 341
47 59 714
47 60 837
47 61 30
47 62 979
47 63 244
47 64 430
47 65 630
47 66 800
47 67 122
47 68 746
47 69 336
47 70 56
47 71 735
47 72 302
47 73 163
47 74 867
47 75 198
47 76 650
47 77 134
47 78 252
47 79 98
47 80 899
47 81 475
47 82 838
47 83 249
47 84 210
47 85 168
47 86 751
47 87 797
47 88 994
47 89 960
47 90 612
47 91 393
47 92 405
47 93 62
47 94 801
47 95 834
47 96 957
47 97 543
47 98 11
47 99 657
48 49 704
48 50 325
48 51 299
48 52 540
48 53 514
48 54 72
48 55 432
48 56 404
48 57 2
48 58 894
48 59 581
48 60 9
48 61 29
48 62 267
48 63 431
48 64 65
48 65 174
48 66 579
48 67 685
48 68 213
48 69 490
48 70 402
48 71 847
48 72 317
48 73 374
48 74 723
48 75 164
48 76 251
48 77 242
48 78 209
48 79 244
48 80 199
48 81 354
48 82 172
48 83 159
48 84 872
48 85 124
48 86 255
48 87 47
48 88 928
48 89 369
48 90 600
48 91 186
48 92 150
48 93 122
48 94 87
48 95 782
48 96 404
48 97 177
48 98 477
48 99 145
49 50 41
49 51 603
49 52 977
49 53 174
49 54 791
49 55 412
49 56 37
49 57 648
49 58 224
49 59 133
49 60 246
49 61 705
49 62 105
49 63 315
49 64 138
49 65 421
49 66 118
49 67 166
49 68 840
49 69 362
49 70 119
49 71 549
49 72 664
49 73 38
49 74 798
49 75 485
49 76 940
49 77 878
49 78 36
49 79 397
49 80 617
49 81 769
49 82 346
49 83 234
49 84 527
49 85 872
49 86 434
49 87 12
49 88 544
49 89 842
49 90 292
49 91 325
49 92 880
49 93 777
49 94 8
49 95 523
49 96 673
49 97 961
49 98 73
49 99 325
50 51 966
50 52 420
50 53 227
50 54 725
50 55 767
50 56 719
50 57 946
50 58 398
50 59 938
50 60 954
50 61 439
50 62 819
50 63 369
50 64 796
50 65 885
50 66 209
50 67 161
50 68 610
50 69 725
50 70 590
50 71 477
50 72 132
50 73 734
50 74 839
50 75 530
50 76 203
50 77 504
50 78 614
50 79 68
50 80 381
50 81 593
50 82 319
50 83 603
50 84 57
50 85 599
50 86 222
50 87 213
50 88 644
50 89 204
50 90 623
50 91 71
50 92 331
50 93 755
50 94 648
50 95 219
50 96 730
50 97 532
50 98 205
50 99 559
51 52 935
51 53 942
51 54 292
51 55 78
51 56 864
51 57 5
51 58 652
51 59 730
51 60 593
51 61 403
51 62 769
51 63 468
51 64 861
51 65 263
51 66 331
51 67 941
51 68 196
51 69 510
51 70 805
51 71 399
51 72 544
51 73 245
51 74 524
51 75 878
51 76 601
51 77 78
51 78 321
51 79 640
51 80 23
51 81 286
51 82 747
51 83 898
51 84 522
51 85 955
51 86 279
51 87 885
51 88 661
51 89 583
51 90 426
51 91 423
51 92 197
51 93 81
51 94 322
51 95 540
51 96 666
51 97 389
51 98 17
51 99 513
52 53 844
52 54 473
52 55 176
52 56 556
52 57 969
52 58 389
52 59 115
52 60 300
52 61 445
52 62 906
52 63 870
52 64 608
52 65 139
52 66 880
52 67 969
52 68 680
52 69 775
52 70 587
52 71 257
52 72 283
52 73 227
52 74 453
52 75 390
52 76 986
52 77 178
52 78 165
52 79 161
52 80 476
52 81 952
52 82 216
52 83 233
52 84 549
52 85 340
52 86 651
52 87 593
52 88 250
52 89 801
52 90 94
52 91 302
52 92 912
52 93 776
52 94 717
52 95 699
52 96 65
52 97 461
52 98 181
52 99 712
53 54 230
53 55 282
53 56 409
53 57 279
53 58 96
53 59 595
53 60 541
53 61 266
53 62 547
53 63 631
53 64 455
53 65 227
53 66 502
53 67 996
53 68 191
53 69 707
53 70 485
53 71 413
53 72 87
53 73 914
53 74 84
53 75 515
53 76 804
53 77 767
53 78 484
53 79 839
53 80 152
53 81 15
53 82 685
53 83 424
53 84 431
53 85 950
53 86 898
53 87 153
53 88 87
53 89 401
53 90 892
53 91 926
53 92 328
53 93 576
53 94 723
53 95 392
53 96 471
53 97 458
53 98 414
53 99 988
54 55 722
54 56 324
54 57 623
54 58 176
54 59 699
54 60 770
54 61 918
54 62 10
54 63 869
54 64 589
54 65 98
54 66 909
54 67 647
54 68 740
54 69 738
54 70 637
54 71 730
54 72 655
54 73 294
54 74 620
54 75 286
54 76 46
54 77 404
54 78 461
54 79 288
54 80 236
54 81 906
54 82 472
54 83 579
54 84 737
54 85 806
54 86 649
54 87 616
54 88 299
54 89 87
54 90 778
54 91 262
54 92 724
54 93 171
54 94 272
54 95 122
54 96 131
54 97 13
54 98 346
54 99 523
55 56 853
55 57 649
55 58 60
55 59 218
55 60 91
55 61 499
55 62 508
55 63 427
55 64 136
55 65 647
55 66 847
55 67 434
55 68 978
55 69 686
55 70 263
55 71 17
55 72 944
55 73 383
55 74 66
55 75 725
55 76 833
55 77 913
55 78 336
55 79 434
55 80 172
55 81 548
55 82 838
55 83 425
55 84 332
55 85 910
55 86 880
55 87 941
55 88 466
55 89 641
55 90 483
55 91 995
55 92 727
55 93 421
55 94 173
55 95 313
55 96 587
55 97 791
55 98 697
55 99 519
56 57 425
56 58 39
56 59 654
56 60 116
56 61 617
56 62 860
56 63 807
56 64 805
56 65 330
56 66 451
56 67 542
56 68 985
56 69 862
56 70 434
56 71 520
56 72 62
56 73 456
56 74 82
56 75 992
56 76 732
56 77 912
56 78 107
56 79 463
56 80 662
56 81 390
56 82 74
56 83 443
56 84 182
56 85 263
56 86 491
56 87 829
56 88 142
56 89 286
56 90 177
56 91 317
56 92 997
56 93 651
56 94 559
56 95 842
56 96 421
56 97 979
56 98 870
56 99 851
57 58 274
57 59 777
57 60 185
57 61 835
57 62 970
57 63 115
57 64 79
57 65 213
57 66 939
57 67 547
57 68 890
57 69 759
57 70 465
57 71 804
57 72 160
57 73 381
57 74 697
57 75 272
57 76 150
57 77 251
57 78 960
57 79 995
57 80 586
57 81 440
57 82 214
57 83 221
57 84 118
57 85 140
57 86 986
57 87 14
57 88 839
57 89 79
57 90 511
57 91 435
57 92 143
57 93 532
57 94 271
57 95 722
57 96 922
57 97 223
57 98 817
57 99 191
58 59 389
58 60 166
58 61 339
58 62 665
58 63 913
58 64 742
58 65 205
58 66 143
58 67 801
58 68 828
58 69 790
58 70 540
58 71 398
58 72 179
58 73 376
58 74 806
58 75 266
58 76 149
58 77 685
58 78 860
58 79 814
58 80 259
58 81 576
58 82 866
58 83 438
58 84 723
58 85 358
58 86 956
58 87 656
58 88 14
58 89 906
58 90 301
58 91 843
58 92 871
58 93 795
58 94 118
58 95 311
58 96 58
58 97 25
58 98 787
58 99 761
59 60 897
59 61 314
59 62 414
59 63 108
59 64 157
59 65 498
59 66 45
59 67 696
59 68 132
59 69 929
59 70 781
59 71 481
59 72 160
59 73 478
59 74 930
59 75 173
59 76 267
59 77 123
59 78 985
59 79 978
59 80 523
59 81 743
59 82 58
59 83 523
59 84 558
59 85 505
59 86 858
59 87 981
59 88 940
59 89 814
59 90 958
59 91 161
59 92 768
59 93 37
59 94 232
59 95 106
59 96 885
59 97 840
59 98 749
59 99 874
60 61 25
60 62 524
60 63 134
60 64 909
60 65 94
60 66 143
60 67 561
60 68 360
60 69 269
60 70 387
60 71 893
60 72 590
60 73 550
60 74 431
60 75 185
60 76 345
60 77 527
60 78 488
60 79 904
60 80 72
60 81 919
60 82 222
60 83 964
60 84 513
60 85 464
60 86 611
60 87 934
60 88 961
60 89 784
60 90 998
60 91 802
60 92 682
60 93 838
60 94 119
60 95 448
60 96 139
60 97 820
60 98 741
60 99 203
61 62 145
61 63 884
61 64 231
61 65 129
61 66 140
61 67 263
61 68 843
61 69 211
61 70 601
61 71 324
61 72 109
61 73 356
61 74 143
61 75 270
61 76 757
61 77 641
61 78 600
61 79 658
61 80 636
61 81 63
61 82 120
61 83 247
61 84 755
61 85 528
61 86 915
61 87 452
61 88 295
61 89 792
61 90 618
61 91 863
61 92 413
61 93 217
61 94 493
61 95 445
61 96 909
61 97 8
61 98 569
61 99 728
62 63 753
62 64 554
62 65 720
62 66 154
62 67 543
62 68 813
62 69 80
62 70 857
62 71 70
62 72 233
62 73 827
62 74 588
62 75 320
62 76 59
62 77 292
62 78 670
62 79 791
62 80 278
62 81 559
62 82 543
62 83 962
62 84 492
62 85 247
62 86 841
62 87 881
62 88 233
62 89 163
62 90 777
62 91 686
62 92 660
62 93 315
62 94 57
62 95 544
62 96 625
62 97 891
62 98 285
62 99 688
63 64 714
63 65 698
63 66 834
63 67 379
63 68 100
63 69 605
63 70 205
63 71 83
63 72 467
63 73 223
63 74 228
63 75 134
63 76 256
63 77 899
63 78 887
63 79 931
63 80 461
63 81 210
63 82 274
63 83 980
63 84 101
63 85 681
63 86 108
63 87 214
63 88 377
63 89 280
63 90 550
63 91 625
63 92 40
63 93 460
63 94 70
63 95 670
63 96 852
63 97 209
63 98 657
63 99 769
64 65 744
64 66 268
64 67 770
64 68 873
64 69 2
64 70 933
64 71 740
64 72 994
64 73 42
64 74 682
64 75 266
64 76 937
64 77 360
64 78 897
64 79 383
64 80 41
64 81 56
64 82 977
64 83 860
64 84 392
64 85 693
64 86 374
64 87 781
64 88 594
64 89 923
64 90 757
64 91 580
64 92 551
64 93 252
64 94 279
64 95 595
64 96 734
64 97 747
64 98 425
64 99 454
65 66 411
65 67 51
65 68 970
65 69 378
65 70 774
65 71 184
65 72 250
65 73 404
65 74 702
65 75 182
65 76 848
65 77 360
65 78 432
65 79 144
65 80 705
65 81 698
65 82 890
65 83 802
65 84 306
65 85 780
65 86 865
65 87 213
65 88 26
65 89 853
65 90 681
65 91 837
65 92 176
65 93 872
65 94 622
65 95 149
65 96 979
65 97 986
65 98 489
65 99 631
66 67 643
66 68 460
66 69 409
66 70 837
66 71 511
66 72 420
66 73 398
66 74 312
66 75 895
66 76 302
66 77 67
66 78 127
66 79 214
66 80 365
66 81 830
66 82 628
66 83 976
66 84 977
66 85 826
66 86 634
66 87 594
66 88 272
66 89 669
66 90 120
66 91 121
66 92 370
66 93 852
66 94 830
66 95 167
66 96 747
66 97 125
66 98 849
66 99 568
67 68 403
67 69 327
67 70 187
67 71 479
67 72 710
67 73 638
67 74 483
67 75 879
67 76 683
67 77 662
67 78 289
67 79 555
67 80 482
67 81 585
67 82 227
67 83 282
67 84 347
67 85 455
67 86 416
67 87 234
67 88 137
67 89 150
67 90 322
67 91 243
67 92 914
67 93 886
67 94 176
67 95 261
67 96 185
67 97 840
67 98 814
67 99 579
68 69 20
68 70 828
68 71 256
68 72 455
68 73 288
68 74 549
68 75 650
68 76 418
68 77 622
68 78 686
68 79 561
68 80 191
68 81 160
68 82 275
68 83 230
68 84 540
68 85 587
68 86 688
68 87 846
68 88 737
68 89 903
68 90 264
68 91 565
68 92 884
68 93 362
68 94 882
68 95 762
68 96 423
68 97 28
68 98 781
68 99 837
69 70 261
69 71 640
69 72 742
69 73 196
69 74 506
69 75 788
69 76 683
69 77 821
69 78 939
69 79 398
69 80 635
69 81 654
69 82 706
69 83 64
69 84 459
69 85 233
69 86 450
69 87 576
69 88 528
69 89 625
69 90 348
69 91 82
69 92 896
69 93 358
69 94 659
69 95 165
69 96 697
69 97 285
69 98 643
69 99 676
70 71 396
70 72 423
70 73 980
70 74 93
70 75 300
70 76 239
70 77 551
70 78 443
70 79 763
70 80 140
70 81 952
70 82 671
70 83 432
70 84 983
70 85 639
70 86 424
70 87 809
70 88 404
70 89 707
70 90 175
70 91 526
70 92 772
70 93 285
70 94 18
70 95 642
70 96 588
70 97 804
70 98 326
70 99 475
71 72 960
71 73 623
71 74 402
71 75 537
71 76 940
71 77 991
71 78 412
71 79 354
71 80 946
71 81 397
71 82 728
71 83 515
71 84 370
71 85 280
71 86 455
71 87 650
71 88 647
71 89 483
71 90 424
71 91 715
71 92 66
71 93 236
71 94 308
71 95 381
71 96 280
71 97 707
71 98 420
71 99 472
72 73 471
72 74 114
72 75 186
72 76 839
72 77 729
72 78 886
72 79 549
72 80 418
72 81 154
72 82 462
72 83 402
72 84 436
72 85 530
72 86 295
72 87 294
72 88 36
72 89 682
72 90 617
72 91 774
72 92 81
72 93 577
72 94 993
72 95 723
72 96 850
72 97 411
72 98 836
72 99 421
73 74 235
73 75 428
73 76 826
73 77 347
73 78 538
73 79 445
73 80 208
73 81 946
73 82 897
73 83 891
73 84 698
73 85 23
73 86 669
73 87 605
73 88 789
73 89 37
73 90 753
73 91 457
73 92 846
73 93 392
73 94 232
73 95 252
73 96 561
73 97 594
73 98 627
73 99 121
74 75 378
74 76 532
74 77 27
74 78 777
74 79 379
74 80 554
74 81 253
74 82 440
74 83 270
74 84 17
74 85 261
74 86 532
74 87 530
74 88 686
74 89 788
74 90 256
74 91 357
74 92 179
74 93 478
74 94 367
74 95 191
74 96 585
74 97 316
74 98 288
74 99 426
75 76 251
75 77 230
75 78 177
75 79 214
75 80 787
75 81 878
75 82 586
75 83 965
75 84 578
75 85 873
75 86 173
75 87 312
75 88 548
75 89 978
75 90 134
75 91 995
75 92 524
75 93 79
75 94 88
75 95 336
75 96 320
75 97 587
75 98 106
75 99 613
76 77 456
76 78 85
76 79 888
76 80 541
76 81 107
76 82 520
76 83 71
76 84 605
76 85 311
76 86 801
76 87 541
76 88 404
76 89 422
76 90 236
76 91 925
76 92 780
76 93 952
76 94 581
76 95 560
76 96 756
76 97 247
76 98 567
76 99 347
77 78 294
77 79 988
77 80 701
77 81 318
77 82 743
77 83 876
77 84 842
77 85 704
77 86 255
77 87 304
77 88 43
77 89 900
77 90 240
77 91 591
77 92 173
77 93 585
77 94 16
77 95 537
77 96 441
77 97 427
77 98 123
77 99 857
78 79 688
78 80 281
78 81 387
78 82 93
78 83 86
78 84 587
78 85 901
78 86 739
78 87 440
78 88 497
78 89 512
78 90 788
78 91 701
78 92 897
78 93 877
78 94 815
78 95 767
78 96 906
78 97 881
78 98 472
78 99 487
79 80 255
79 81 60
79 82 26
79 83 953
79 84 236
79 85 740
79 86 428
79 87 437
79 88 682
79 89 55
79 90 854
79 91 461
79 92 667
79 93 93
79 94 276
79 95 195
79 96 419
79 97 95
79 98 102
79 99 563
80 81 668
80 82 790
80 83 112
80 84 178
80 85 332
80 86 896
80 87 481
80 88 36
80 89 479
80 90 423
80 91 572
80 92 350
80 93 551
80 94 784
80 95 457
80 96 925
80 97 614
80 98 90
80 99 125
81 82 666
81 83 842
81 84 814
81 85 409
81 86 372
81 87 57
81 88 428
81 89 648
81 90 589
81 91 512
81 92 821
81 93 523
81 94 849
81 95 326
81 96 95
81 97 980
81 98 662
81 99 828
82 83 6
82 84 967
82 85 193
82 86 554
82 87 693
82 88 502
82 89 782
82 90 622
82 91 617
82 92 66
82 93 413
82 94 172
82 95 332
82 96 669
82 97 598
82 98 150
82 99 177
83 84 744
83 85 964
83 86 370
83 87 16
83 88 611
83 89 372
83 90 841
83 91 30
83 92 197
83 93 523
83 94 821
83 95 177
83 96 260
83 97 574
83 98 291
83 99 303
84 85 175
84 86 183
84 87 26
84 88 918
84 89 236
84 90 868
84 91 848
84 92 458
84 93 69
84 94 221
84 95 272
84 96 650
84 97 710
84 98 113
84 99 195
85 86 54
85 87 279
85 88 548
85 89 532
85 90 36
85 91 137
85 92 985
85 93 152
85 94 996
85 95 816
85 96 464
85 97 337
85 98 96
85 99 624
86 87 28
86 88 789
86 89 170
86 90 58
86 91 182
86 92 770
86 93 514
86 94 776
86 95 490
86 96 272
86 97 576
86 98 70
86 99 847
87 88 725
87 89 615
87 90 56
87 91 41
87 92 117
87 93 663
87 94 881
87 95 326
87 96 859
87 97 318
87 98 527
87 99 832
88 89 594
88 90 580
88 91 872
88 92 84
88 93 242
88 94 833
88 95 297
88 96 519
88 97 159
88 98 609
88 99 835
89 90 876
89 91 377
89 92 642
89 93 396
89 94 566
89 95 588
89 96 675
89 97 906
89 98 303
89 99 780
90 91 181
90 92 458
90 93 968
90 94 174
90 95 507
90 96 234
90 97 956
90 98 860
90 99 674
91 92 873
91 93 913
91 94 142
91 95 803
91 96 411
91 97 359
91 98 720
91 99 830
92 93 308
92 94 36
92 95 63
92 96 996
92 97 229
92 98 86
92 99 231
93 94 955
93 95 147
93 96 66
93 97 801
93 98 289
93 99 339
94 95 773
94 96 92
94 97 872
94 98 294
94 99 523
95 96 849
95 97 992
95 98 274
95 99 434
96 97 731
96 98 614
96 99 316
97 98 401
97 99 187
98 99 448
