20 190
0 1 5
0 2 2
0 3 2
0 4 1
0 5 4
0 6 1
0 7 3
0 8 5
0 9 4
0 10 1
0 11 2
0 12 5
0 13 5
0 14 3
0 15 4
0 16 5
0 17 3
0 18 3
0 19 5
1 2 2
1 3 4
1 4 1
1 5 1
1 6 4
1 7 1
1 8 1
1 9 1
1 10 5
1 11 5
1 12 2
1 13 2
1 14 3
1 15 2
1 16 4
1 17 2
1 18 5
1 19 2
2 3 3
2 4 3
2 5 4
2 6 4
2 7 1
2 8 5
2 9 5
2 10 1
2 11 4
2 12 5
2 13 4
2 14 2
2 15 1
2 16 3
2 17 5
2 18 2
2 19 2
3 4 1
3 5 5
3 6 1
3 7 2
3 8 5
3 9 5
3 10 5
3 11 4
3 12 5
3 13 5
3 14 3
3 15 4
3 16 3
3 17 1
3 18 3
3 19 3
4 5 1
4 6 1
4 7 2
4 8 3
4 9 3
4 10 1
4 11 1
4 12 1
4 13 2
4 14 5
4 15 3
4 16 4
4 17 4
4 18 1
4 19 1
5 6 1
5 7 2
5 8 4
5 9 4
5 10 4
5 11 5
5 12 4
5 13 3
5 14 3
5 15 2
5 16 5
5 17 3
5 18 4
5 19 4
6 7 4
6 8 3
6 9 5
6 10 1
6 11 3
6 12 3
6 13 1
6 14 4
6 15 3
6 16 1
6 17 3
6 18 5
6 19 5
7 8 2
7 9 5
7 10 2
7 11 4
7 12 3
7 13 4
7 14 2
7 15 4
7 16 1
7 17 3
7 18 5
7 19 3
8 9 5
8 10 1
8 11 4
8 12 4
8 13 4
8 14 4
8 15 5
8 16 1
8 17 4
8 18 4
8 19 4
9 10 2
9 11 3
9 12 2
9 13 1
9 14 4
9 15 2
9 16 2
9 17 3
9 18 2
9 19 1
10 11 4
10 12 2
10 13 2
10 14 5
10 15 1
10 16 4
10 17 5
10 18 1
10 19 2
11 12 4
11 13 5
11 14 3
11 15 5
11 16 5
11 17 5
11 18 2
11 19 4
12 13 4
12 14 3
12 15 3
12 16 5
12 17 2
12 18 4
12 19 2
13 14 5
13 15 5
13 16 3
13 17 1
13 18 1
13 19 3
14 15 5
14 16 2
14 17 5
14 18 4
14 19 2
15 16 1
15 17 2
15 18 4
15 19 2
16 17 1
16 18 5
16 19 1
17 18 5
17 19 3
18 19 4
