100 200
0 1 1
0 10 4
1 2 1
1 11 2
2 3 5
2 12 4
3 4 3
3 13 3
4 5 4
4 14 3
5 6 3
5 15 3
6 7 5
6 16 4
7 8 3
7 17 5
8 9 3
8 18 4
0 9 1
9 19 2
10 11 3
10 20 4
11 12 4
11 21 1
12 13 1
12 22 1
13 14 2
13 23 3
14 15 2
14 24 2
15 16 4
15 25 5
16 17 4
16 26 3
17 18 4
17 27 1
18 19 5
18 28 2
10 19 1
19 29 5
20 21 2
20 30 2
21 22 5
21 31 4
22 23 2
22 32 2
23 24 5
23 33 4
24 25 2
24 34 3
25 26 2
25 35 3
26 27 4
26 36 3
27 28 1
27 37 1
28 29 5
28 38 1
20 29 3
29 39 4
30 31 2
30 40 2
31 32 1
31 41 1
32 33 4
32 42 5
33 34 5
33 43 5
34 35 2
34 44 3
35 36 2
35 45 3
36 37 1
36 46 2
37 38 2
37 47 4
38 39 1
38 48 1
30 39 5
39 49 2
40 41 2
40 50 3
41 42 2
41 51 3
42 43 1
42 52 4
43 44 5
43 53 2
44 45 4
44 54 4
45 46 5
45 55 2
46 47 4
46 56 2
47 48 3
47 57 4
48 49 2
48 58 2
40 49 3
49 59 4
50 51 5
50 60 1
51 52 3
51 61 1
52 53 5
52 62 1
53 54 5
53 63 5
54 55 3
54 64 3
55 56 4
55 65 2
56 57 5
56 66 5
57 58 1
57 67 1
58 59 5
58 68 1
50 59 4
59 69 2
60 61 1
60 70 5
61 62 2
61 71 3
62 63 2
62 72 2
63 64 5
63 73 5
64 65 2
64 74 5
65 66 2
65 75 2
66 67 4
66 76 3
67 68 5
67 77 2
68 69 1
68 78 4
60 69 5
69 79 4
70 71 1
70 80 3
71 72 3
71 81 1
72 73 1
72 82 4
73 74 2
73 83 5
74 75 2
74 84 1
75 76 4
75 85 2
76 77 1
76 86 4
77 78 2
77 87 1
78 79 2
78 88 5
70 79 3
79 89 3
80 81 3
80 90 1
81 82 1
81 91 4
82 83 3
82 92 3
83 84 1
83 93 3
84 85 2
84 94 2
85 86 5
85 95 4
86 87 5
86 96 2
87 88 5
87 97 1
88 89 3
88 98 1
80 89 2
89 99 3
90 91 1
0 90 4
91 92 1
1 91 5
92 93 3
2 92 5
93 94 5
3 93 5
94 95 4
4 94 4
95 96 5
5 95 1
96 97 3
6 96 2
97 98 4
7 97 5
98 99 3
8 98 5
90 99 4
9 99 4
