225 450
0 1 230
0 15 164
1 2 341
1 16 982
2 3 752
2 17 138
3 4 635
3 18 324
4 5 863
4 19 890
5 6 239
5 20 179
6 7 119
6 21 495
7 8 598
7 22 649
8 9 7
8 23 74
9 10 111
9 24 818
10 11 865
10 25 508
11 12 927
11 26 640
12 13 205
12 27 946
13 14 513
13 28 371
0 14 830
14 29 970
15 16 156
15 30 602
16 17 474
16 31 349
17 18 371
17 32 70
18 19 593
18 33 772
19 20 35
19 34 980
20 21 550
20 35 58
21 22 793
21 36 297
22 23 385
22 37 218
23 24 79
23 38 292
24 25 743
24 39 964
25 26 981
25 40 141
26 27 478
26 41 605
27 28 678
27 42 263
28 29 266
28 43 808
15 29 568
29 44 348
30 31 865
30 45 630
31 32 337
31 46 216
32 33 612
32 47 736
33 34 16
33 48 493
34 35 723
34 49 938
35 36 685
35 50 953
36 37 693
36 51 229
37 38 920
37 52 545
38 39 254
38 53 900
39 40 998
39 54 663
40 41 996
40 55 534
41 42 411
41 56 735
42 43 149
42 57 664
43 44 317
43 58 947
30 44 412
44 59 793
45 46 948
45 60 17
46 47 583
46 61 199
47 48 66
47 62 964
48 49 130
48 63 826
49 50 414
49 64 537
50 51 569
50 65 916
51 52 427
51 66 24
52 53 116
52 67 186
53 54 201
53 68 848
54 55 179
54 69 844
55 56 455
55 70 568
56 57 950
56 71 274
57 58 633
57 72 494
58 59 820
58 73 931
45 59 863
59 74 348
60 61 114
60 75 27
61 62 332
61 76 411
62 63 480
62 77 533
63 64 445
63 78 660
64 65 815
64 79 93
65 66 406
65 80 242
66 67 670
66 81 570
67 68 179
67 82 390
68 69 684
68 83 209
69 70 489
69 84 321
70 71 735
70 85 29
71 72 88
71 86 69
72 73 999
72 87 449
73 74 335
73 88 333
60 74 182
74 89 34
75 76 238
75 90 640
76 77 252
76 91 685
77 78 42
77 92 826
78 79 567
78 93 180
79 80 504
79 94 88
80 81 677
80 95 568
81 82 918
81 96 96
82 83 197
82 97 235
83 84 870
83 98 294
84 85 290
84 99 863
85 86 775
85 100 693
86 87 492
86 101 481
87 88 96
87 102 436
88 89 545
88 103 239
75 89 216
89 104 192
90 91 359
90 105 972
91 92 458
91 106 82
92 93 73
92 107 880
93 94 595
93 108 932
94 95 683
94 109 447
95 96 478
95 110 732
96 97 157
96 111 352
97 98 893
97 112 466
98 99 264
98 113 772
99 100 333
99 114 957
100 101 671
100 115 250
101 102 948
101 116 360
102 103 500
102 117 526
103 104 721
103 118 987
90 104 541
104 119 348
105 106 399
105 120 848
106 107 610
106 121 521
107 108 193
107 122 269
108 109 443
108 123 810
109 110 430
109 124 411
110 111 1
110 125 995
111 112 561
111 126 278
112 113 404
112 127 281
113 114 577
113 128 918
114 115 917
114 129 514
115 116 120
115 130 917
116 117 727
116 131 292
117 118 949
117 132 784
118 119 118
118 133 81
105 119 150
119 134 11
120 121 563
120 135 10
121 122 230
121 136 184
122 123 799
122 137 425
123 124 109
123 138 888
124 125 214
124 139 340
125 126 359
125 140 878
126 127 928
126 141 369
127 128 184
127 142 972
128 129 735
128 143 143
129 130 980
129 144 63
130 131 751
130 145 773
131 132 522
131 146 746
132 133 822
132 147 23
133 134 347
133 148 229
120 134 88
134 149 893
135 136 932
135 150 875
136 137 980
136 151 958
137 138 46
137 152 723
138 139 723
138 153 93
139 140 670
139 154 995
140 141 496
140 155 588
141 142 118
141 156 726
142 143 3
142 157 300
143 144 884
143 158 291
144 145 353
144 159 830
145 146 417
145 160 418
146 147 266
146 161 592
147 148 149
147 162 432
148 149 67
148 163 580
135 149 710
149 164 727
150 151 189
150 165 489
151 152 567
151 166 533
152 153 565
152 167 122
153 154 210
153 168 243
154 155 39
154 169 752
155 156 533
155 170 388
156 157 294
156 171 348
157 158 153
157 172 369
158 159 365
158 173 102
159 160 86
159 174 428
160 161 763
160 175 962
161 162 573
161 176 110
162 163 680
162 177 156
163 164 151
163 178 529
150 164 504
164 179 751
165 166 932
165 180 670
166 167 239
166 181 259
167 168 642
167 182 648
168 169 195
168 183 557
169 170 81
169 184 99
170 171 276
170 185 768
171 172 606
171 186 359
172 173 290
172 187 738
173 174 634
173 188 149
174 175 437
174 189 777
175 176 56
175 190 915
176 177 988
176 191 1
177 178 532
177 192 250
178 179 122
178 193 395
165 179 593
179 194 764
180 181 706
180 195 877
181 182 180
181 196 176
182 183 890
182 197 886
183 184 998
183 198 781
184 185 156
184 199 875
185 186 961
185 200 707
186 187 20
186 201 175
187 188 271
187 202 198
188 189 384
188 203 579
189 190 858
189 204 257
190 191 898
190 205 807
191 192 700
191 206 246
192 193 24
192 207 973
193 194 398
193 208 234
180 194 773
194 209 41
195 196 223
195 210 393
196 197 835
196 211 977
197 198 522
197 212 168
198 199 723
198 213 656
199 200 736
199 214 738
200 201 312
200 215 788
201 202 700
201 216 374
202 203 105
202 217 933
203 204 792
203 218 681
204 205 720
204 219 440
205 206 734
205 220 316
206 207 227
206 221 837
207 208 617
207 222 204
208 209 673
208 223 354
195 209 882
209 224 772
210 211 502
0 210 9
211 212 378
1 211 204
212 213 449
2 212 784
213 214 922
3 213 421
214 215 475
4 214 490
215 216 427
5 215 950
216 217 457
6 216 382
217 218 432
7 217 922
218 219 45
8 218 835
219 220 471
9 219 70
220 221 284
10 220 697
221 222 892
11 221 636
222 223 969
12 222 358
223 224 117
13 223 819
210 224 786
14 224 952
