200 200
0 1 532
1 2 744
2 3 529
3 4 47
4 5 687
5 6 166
6 7 892
7 8 666
8 9 216
9 10 852
10 11 873
11 12 940
12 13 481
13 14 879
14 15 609
15 16 853
16 17 60
17 18 475
18 19 662
19 20 691
20 21 359
21 22 23
22 23 1000
23 24 959
24 25 491
25 26 721
26 27 602
27 28 511
28 29 18
29 30 828
30 31 174
31 32 585
32 33 25
33 34 339
34 35 403
35 36 538
36 37 794
37 38 17
38 39 575
39 40 521
40 41 607
41 42 149
42 43 740
43 44 241
44 45 107
45 46 88
46 47 846
47 48 344
48 49 667
49 50 117
50 51 14
51 52 690
52 53 407
53 54 643
54 55 674
55 56 592
56 57 933
57 58 756
58 59 443
59 60 805
60 61 40
61 62 57
62 63 294
63 64 625
64 65 525
65 66 537
66 67 964
67 68 857
68 69 932
69 70 920
70 71 500
71 72 162
72 73 446
73 74 664
74 75 633
75 76 950
76 77 199
77 78 900
78 79 664
79 80 604
80 81 380
81 82 169
82 83 845
83 84 670
84 85 176
85 86 671
86 87 555
87 88 387
88 89 74
89 90 276
90 91 839
91 92 466
92 93 666
93 94 282
94 95 380
95 96 841
96 97 141
97 98 177
98 99 321
99 100 985
100 101 990
101 102 177
102 103 256
103 104 161
104 105 104
105 106 842
106 107 195
107 108 482
108 109 792
109 110 695
110 111 87
111 112 15
112 113 786
113 114 407
114 115 873
115 116 442
116 117 282
117 118 185
118 119 299
119 120 512
120 121 591
121 122 630
122 123 850
123 124 816
124 125 101
125 126 201
126 127 605
127 128 950
128 129 279
129 130 851
130 131 79
131 132 969
132 133 746
133 134 623
134 135 422
135 136 341
136 137 168
137 138 991
138 139 929
139 140 284
140 141 392
141 142 172
142 143 883
143 144 159
144 145 30
145 146 846
146 147 175
147 148 368
148 149 737
149 150 462
150 151 307
151 152 870
152 153 295
153 154 76
154 155 751
155 156 718
156 157 67
157 158 208
158 159 856
159 160 897
160 161 670
161 162 471
162 163 46
163 164 204
164 165 500
165 166 115
166 167 264
167 168 972
168 169 929
169 170 661
170 171 523
171 172 103
172 173 670
173 174 819
174 175 956
175 176 455
176 177 833
177 178 633
178 179 70
179 180 974
180 181 375
181 182 782
182 183 36
183 184 346
184 185 869
185 186 736
186 187 446
187 188 39
188 189 875
189 190 736
190 191 145
191 192 842
192 193 980
193 194 956
194 195 357
195 196 357
196 197 186
197 198 706
198 199 543
0 199 218
