60 60
0 1 6464
1 2 3170
2 3 1076
3 4 2314
4 5 2348
5 6 2883
6 7 4854
7 8 336
8 9 9909
9 10 3707
10 11 8279
11 12 8175
12 13 8258
13 14 298
14 15 8793
15 16 8099
16 17 7457
17 18 7496
18 19 215
19 20 6433
20 21 5887
21 22 5429
22 23 6240
23 24 8558
24 25 2355
25 26 2596
26 27 7319
27 28 9982
28 29 4781
29 30 8948
30 31 9044
31 32 9967
32 33 4283
33 34 3998
34 35 9343
35 36 5149
36 37 5154
37 38 5954
38 39 1326
39 40 481
40 41 315
41 42 4062
42 43 2990
43 44 6694
44 45 4929
45 46 1805
46 47 3133
47 48 1849
48 49 8427
49 50 4772
50 51 1175
51 52 6681
52 53 1363
53 54 3781
54 55 9013
55 56 8363
56 57 698
57 58 4872
58 59 9146
0 59 1957
