180 180
0 1 9150
1 2 8248
2 3 8474
3 4 5645
4 5 6533
5 6 2377
6 7 5955
7 8 5049
8 9 5871
9 10 3313
10 11 1138
11 12 4079
12 13 4563
13 14 69
14 15 3114
15 16 8685
16 17 1638
17 18 1306
18 19 4143
19 20 9960
20 21 5631
21 22 6929
22 23 7966
23 24 4204
24 25 8272
25 26 6652
26 27 9522
27 28 2937
28 29 6580
29 30 8322
30 31 8165
31 32 3179
32 33 6017
33 34 5985
34 35 9867
35 36 6372
36 37 1222
37 38 5236
38 39 1356
39 40 5091
40 41 8786
41 42 8590
42 43 2626
43 44 5411
44 45 5366
45 46 1403
46 47 487
47 48 3671
48 49 1473
49 50 6446
50 51 1528
51 52 1889
52 53 9627
53 54 5708
54 55 5239
55 56 9122
56 57 9575
57 58 8647
58 59 4790
59 60 1400
60 61 9702
61 62 7976
62 63 6850
63 64 9070
64 65 1105
65 66 4569
66 67 206
67 68 8618
68 69 5795
69 70 5385
70 71 5212
71 72 6699
72 73 9256
73 74 1989
74 75 7666
75 76 138
76 77 3372
77 78 1010
78 79 3237
79 80 174
80 81 6958
81 82 2434
82 83 1085
83 84 7421
84 85 5991
85 86 2700
86 87 5460
87 88 5331
88 89 4242
89 90 3467
90 91 9013
91 92 4376
92 93 4838
93 94 5013
94 95 2451
95 96 7688
96 97 6337
97 98 7381
98 99 5502
99 100 6323
100 101 7415
101 102 9333
102 103 1049
103 104 7857
104 105 3776
105 106 3445
106 107 6604
107 108 9149
108 109 3277
109 110 4763
110 111 970
111 112 1523
112 113 8067
113 114 1625
114 115 5092
115 116 7091
116 117 8475
117 118 32
118 119 7714
119 120 1843
120 121 776
121 122 2931
122 123 5498
123 124 4301
124 125 9200
125 126 3021
126 127 3311
127 128 336
128 129 797
129 130 5923
130 131 7007
131 132 830
132 133 6333
133 134 5014
134 135 5758
135 136 7045
136 137 2615
137 138 7458
138 139 6385
139 140 9201
140 141 6479
141 142 2634
142 143 5417
143 144 8099
144 145 1766
145 146 2358
146 147 1970
147 148 4629
148 149 5354
149 150 4392
150 151 3613
151 152 7021
152 153 1612
153 154 661
154 155 5570
155 156 2470
156 157 8101
157 158 4302
158 159 2424
159 160 4654
160 161 321
161 162 4565
162 163 8658
163 164 4813
164 165 3694
165 166 5933
166 167 2363
167 168 6539
168 169 8344
169 170 1512
170 171 3605
171 172 7234
172 173 3701
173 174 1874
174 175 7985
175 176 5346
176 177 2561
177 178 7694
178 179 4097
0 179 5279
