150 150
0 1 4537
1 2 8920
2 3 9592
3 4 6068
4 5 3489
5 6 7438
6 7 674
7 8 7714
8 9 1733
9 10 2639
10 11 8598
11 12 175
12 13 6047
13 14 2192
14 15 9802
15 16 6917
16 17 1282
17 18 1383
18 19 8236
19 20 6716
20 21 9998
21 22 7816
22 23 3325
23 24 1146
24 25 3759
25 26 2761
26 27 6598
27 28 3696
28 29 1037
29 30 4251
30 31 9641
31 32 6353
32 33 3160
33 34 2287
34 35 5883
35 36 7427
36 37 9989
37 38 3536
38 39 1349
39 40 3270
40 41 3659
41 42 1820
42 43 7936
43 44 3199
44 45 4616
45 46 1915
46 47 6491
47 48 9082
48 49 8847
49 50 1976
50 51 9981
51 52 6993
52 53 9543
53 54 4803
54 55 6960
55 56 5829
56 57 6505
57 58 3129
58 59 4573
59 60 1353
60 61 3657
61 62 5976
62 63 749
63 64 5053
64 65 2312
65 66 3983
66 67 3373
67 68 2476
68 69 245
69 70 8232
70 71 2094
71 72 8049
72 73 7679
73 74 2654
74 75 4374
75 76 6005
76 77 4165
77 78 9576
78 79 427
79 80 2636
80 81 1160
81 82 3417
82 83 865
83 84 8610
84 85 2900
85 86 8509
86 87 6170
87 88 2588
88 89 1863
89 90 2698
90 91 158
91 92 4988
92 93 4404
93 94 4917
94 95 2415
95 96 3396
96 97 1596
97 98 7902
98 99 2838
99 100 9431
100 101 3756
101 102 4599
102 103 1197
103 104 5189
104 105 6831
105 106 1366
106 107 9710
107 108 4892
108 109 9640
109 110 7494
110 111 748
111 112 4064
112 113 4027
113 114 6289
114 115 9958
115 116 6691
116 117 7508
117 118 9595
118 119 1357
119 120 7271
120 121 6954
121 122 4765
122 123 4353
123 124 8560
124 125 2783
125 126 8704
126 127 652
127 128 9797
128 129 748
129 130 6488
130 131 9231
131 132 6208
132 133 9594
133 134 2809
134 135 6670
135 136 3504
136 137 3348
137 138 9789
138 139 5448
139 140 4572
140 141 1014
141 142 8634
142 143 5156
143 144 9336
144 145 5474
145 146 4713
146 147 2488
147 148 1242
148 149 1729
0 149 1828
