80 80
0 1 5623
1 2 4279
2 3 5482
3 4 4206
4 5 6453
5 6 2540
6 7 86
7 8 6640
8 9 6718
9 10 1651
10 11 9978
11 12 4335
12 13 1811
13 14 7727
14 15 5815
15 16 9245
16 17 9225
17 18 5879
18 19 7151
19 20 6307
20 21 1566
21 22 2457
22 23 6613
23 24 1028
24 25 468
25 26 5361
26 27 1205
27 28 856
28 29 171
29 30 1340
30 31 7621
31 32 3523
32 33 89
33 34 1901
34 35 9635
35 36 7017
36 37 2929
37 38 1027
38 39 2807
39 40 8952
40 41 1940
41 42 2639
42 43 5723
43 44 2736
44 45 7260
45 46 3153
46 47 9183
47 48 6990
48 49 5671
49 50 7444
50 51 3954
51 52 7760
52 53 4102
53 54 818
54 55 404
55 56 3809
56 57 9650
57 58 2392
58 59 5447
59 60 252
60 61 9169
61 62 1273
62 63 8517
63 64 6466
64 65 4573
65 66 93
66 67 2472
67 68 6970
68 69 3098
69 70 6577
70 71 718
71 72 132
72 73 7402
73 74 2309
74 75 3441
75 76 9013
76 77 8429
77 78 7564
78 79 8162
0 79 3406
