50 50
0 1 3525
1 2 3077
2 3 1608
3 4 4202
4 5 773
5 6 7387
6 7 9416
7 8 3155
8 9 7573
9 10 5314
10 11 1485
11 12 4045
12 13 7321
13 14 7233
14 15 88
15 16 1661
16 17 1078
17 18 4441
18 19 5574
19 20 2040
20 21 9190
21 22 1953
22 23 3948
23 24 5447
24 25 2707
25 26 9918
26 27 1564
27 28 2631
28 29 3125
29 30 3888
30 31 9928
31 32 2370
32 33 4439
33 34 7388
34 35 2431
35 36 2531
36 37 7025
37 38 418
38 39 9007
39 40 3891
40 41 9708
41 42 4041
42 43 231
43 44 8951
44 45 5082
45 46 6490
46 47 4770
47 48 1858
48 49 179
0 49 4863
