240 240
0 1 9311
1 2 3385
2 3 9851
3 4 5442
4 5 1527
5 6 4314
6 7 659
7 8 3240
8 9 7933
9 10 6832
10 11 8338
11 12 1661
12 13 5990
13 14 1083
14 15 1838
15 16 6773
16 17 6409
17 18 5237
18 19 1821
19 20 2777
20 21 7369
21 22 8512
22 23 3886
23 24 8078
24 25 8242
25 26 7499
26 27 3291
27 28 6940
28 29 3998
29 30 3732
30 31 1764
31 32 4176
32 33 5886
33 34 2560
34 35 423
35 36 9269
36 37 1985
37 38 7503
38 39 1638
39 40 2058
40 41 6961
41 42 8085
42 43 8353
43 44 347
44 45 7363
45 46 1929
46 47 5895
47 48 9585
48 49 1388
49 50 5620
50 51 4507
51 52 9527
52 53 652
53 54 3557
54 55 5974
55 56 3262
56 57 1143
57 58 1531
58 59 7858
59 60 7305
60 61 1788
61 62 9566
62 63 9914
63 64 6240
64 65 2893
65 66 4675
66 67 2496
67 68 4607
68 69 2113
69 70 1801
70 71 8388
71 72 1140
72 73 5576
73 74 5619
74 75 774
75 76 7221
76 77 5016
77 78 9955
78 79 976
79 80 6036
80 81 1593
81 82 3170
82 83 2488
83 84 3613
84 85 4871
85 86 5140
86 87 310
87 88 3010
88 89 5129
89 90 7336
90 91 4697
91 92 9361
92 93 5018
93 94 8596
94 95 8974
95 96 192
96 97 8186
97 98 8511
98 99 9035
99 100 5170
100 101 1056
101 102 6384
102 103 2178
103 104 5940
104 105 8449
105 106 4700
106 107 6270
107 108 738
108 109 2500
109 110 1866
110 111 2539
111 112 1289
112 113 3260
113 114 548
114 115 4001
115 116 440
116 117 8532
117 118 3292
118 119 6960
119 120 5706
120 121 2567
121 122 2465
122 123 9151
123 124 8225
124 125 5456
125 126 5617
126 127 9910
127 128 8918
128 129 1031
129 130 8322
130 131 8563
131 132 1752
132 133 1218
133 134 7934
134 135 5234
135 136 339
136 137 5757
137 138 3786
138 139 6660
139 140 7426
140 141 1298
141 142 665
142 143 2353
143 144 54
144 145 2193
145 146 2571
146 147 3064
147 148 4142
148 149 6898
149 150 3281
150 151 8737
151 152 789
152 153 5747
153 154 6354
154 155 1340
155 156 9438
156 157 1716
157 158 7975
158 159 4100
159 160 7947
160 161 7489
161 162 2827
162 163 7745
163 164 5356
164 165 9422
165 166 5469
166 167 6563
167 168 695
168 169 8584
169 170 6650
170 171 3282
171 172 9102
172 173 6762
173 174 8317
174 175 2722
175 176 7679
176 177 4646
177 178 2436
178 179 4102
179 180 1858
180 181 5145
181 182 9498
182 183 1482
183 184 6499
184 185 1085
185 186 3049
186 187 4859
187 188 3545
188 189 4645
189 190 6885
190 191 5080
191 192 6834
192 193 5921
193 194 2557
194 195 5545
195 196 3802
196 197 6897
197 198 1418
198 199 9914
199 200 2403
200 201 7494
201 202 6406
202 203 5594
203 204 4253
204 205 9562
205 206 8826
206 207 2414
207 208 1291
208 209 6584
209 210 9883
210 211 1928
211 212 780
212 213 8799
213 214 1377
214 215 2527
215 216 4616
216 217 6687
217 218 5195
218 219 5939
219 220 1322
220 221 5825
221 222 3257
222 223 7401
223 224 9691
224 225 9937
225 226 8857
226 227 5744
227 228 6043
228 229 1829
229 230 6045
230 231 9459
231 232 4447
232 233 2691
233 234 2673
234 235 9212
235 236 3485
236 237 8094
237 238 2702
238 239 8568
0 239 6413
