120 120
0 1 231
1 2 474
2 3 9231
3 4 8255
4 5 4098
5 6 5200
6 7 6958
7 8 3289
8 9 8227
9 10 659
10 11 2252
11 12 4504
12 13 7203
13 14 3952
14 15 3489
15 16 1786
16 17 4910
17 18 869
18 19 4440
19 20 7659
20 21 2219
21 22 5677
22 23 9454
23 24 5838
24 25 5326
25 26 3442
26 27 4727
27 28 5169
28 29 5290
29 30 3489
30 31 9369
31 32 1553
32 33 868
33 34 2470
34 35 9007
35 36 8688
36 37 4909
37 38 8821
38 39 4531
39 40 5545
40 41 9169
41 42 8698
42 43 2096
43 44 7518
44 45 6172
45 46 11
46 47 8900
47 48 3833
48 49 8470
49 50 228
50 51 2021
51 52 1611
52 53 826
53 54 6908
54 55 7379
55 56 4402
56 57 2951
57 58 3316
58 59 4737
59 60 9982
60 61 3623
61 62 476
62 63 7208
63 64 7874
64 65 6669
65 66 5916
66 67 5669
67 68 9736
68 69 5568
69 70 9204
70 71 4682
71 72 3635
72 73 2210
73 74 497
74 75 1307
75 76 4580
76 77 9508
77 78 4525
78 79 8059
79 80 4664
80 81 1149
81 82 5940
82 83 1686
83 84 7084
84 85 3421
85 86 1713
86 87 1193
87 88 5024
88 89 7920
89 90 3258
90 91 2915
91 92 953
92 93 1253
93 94 1528
94 95 1474
95 96 1811
96 97 2447
97 98 8845
98 99 5089
99 100 7304
100 101 5748
101 102 6385
102 103 967
103 104 5709
104 105 7963
105 106 4426
106 107 1977
107 108 4649
108 109 6452
109 110 2463
110 111 8073
111 112 6917
112 113 5192
113 114 8811
114 115 6693
115 116 8144
116 117 6760
117 118 6127
118 119 8588
0 119 7936
