300 300
0 1 9797
1 2 6363
2 3 3636
3 4 4381
4 5 1344
5 6 8915
6 7 8413
7 8 5737
8 9 4392
9 10 7259
10 11 4151
11 12 3620
12 13 8781
13 14 6332
14 15 4275
15 16 3693
16 17 2926
17 18 5313
18 19 400
19 20 2121
20 21 4192
21 22 8420
22 23 4359
23 24 8847
24 25 3196
25 26 8968
26 27 6459
27 28 5967
28 29 632
29 30 7757
30 31 4649
31 32 1637
32 33 7050
33 34 2531
34 35 7819
35 36 8056
36 37 4082
37 38 8526
38 39 2721
39 40 6663
40 41 6794
41 42 6215
42 43 2585
43 44 2719
44 45 9720
45 46 7720
46 47 26
47 48 825
48 49 5079
49 50 2903
50 51 9149
51 52 2255
52 53 3687
53 54 7807
54 55 9845
55 56 2434
56 57 1909
57 58 44
58 59 1630
59 60 5369
60 61 9939
61 62 1481
62 63 3984
63 64 2368
64 65 4774
65 66 8421
66 67 3135
67 68 8998
68 69 511
69 70 8984
70 71 1776
71 72 2034
72 73 4914
73 74 6595
74 75 6041
75 76 4447
76 77 8598
77 78 1447
78 79 6054
79 80 8681
80 81 1895
81 82 1389
82 83 3831
83 84 4531
84 85 6267
85 86 8533
86 87 2021
87 88 2115
88 89 8101
89 90 3175
90 91 8161
91 92 5451
92 93 5987
93 94 4529
94 95 1914
95 96 7742
96 97 8001
97 98 1707
98 99 5817
99 100 5876
100 101 9478
101 102 4704
102 103 562
103 104 4465
104 105 1963
105 106 2160
106 107 7435
107 108 8559
108 109 285
109 110 7026
110 111 1525
111 112 880
112 113 9288
113 114 2658
114 115 2677
115 116 7122
116 117 7099
117 118 3085
118 119 5869
119 120 2123
120 121 3448
121 122 8318
122 123 6762
123 124 4093
124 125 503
125 126 9023
126 127 1378
127 128 947
128 129 7346
129 130 9279
130 131 9805
131 132 5630
132 133 4325
133 134 6752
134 135 3136
135 136 639
136 137 6770
137 138 9606
138 139 1821
139 140 6329
140 141 2700
141 142 9331
142 143 7104
143 144 3088
144 145 7923
145 146 5551
146 147 3230
147 148 5246
148 149 6632
149 150 5401
150 151 5079
151 152 9707
152 153 9392
153 154 709
154 155 7377
155 156 2188
156 157 8099
157 158 3139
158 159 5648
159 160 6625
160 161 1371
161 162 528
162 163 9895
163 164 2352
164 165 360
165 166 8381
166 167 1175
167 168 8885
168 169 1539
169 170 9979
170 171 8950
171 172 8520
172 173 8725
173 174 8214
174 175 8418
175 176 3826
176 177 8563
177 178 1135
178 179 9249
179 180 620
180 181 4224
181 182 144
182 183 9750
183 184 4620
184 185 1488
185 186 6845
186 187 5023
187 188 779
188 189 1493
189 190 4293
190 191 3884
191 192 467
192 193 1465
193 194 2052
194 195 902
195 196 6855
196 197 2473
197 198 8263
198 199 7507
199 200 9440
200 201 69
201 202 203
202 203 5314
203 204 3663
204 205 2175
205 206 1161
206 207 9822
207 208 8896
208 209 3735
209 210 2617
210 211 5701
211 212 3781
212 213 3557
213 214 7388
214 215 8981
215 216 8499
216 217 839
217 218 5773
218 219 6068
219 220 8640
220 221 2330
221 222 5200
222 223 9538
223 224 2975
224 225 8919
225 226 3164
226 227 1268
227 228 6940
228 229 6907
229 230 5290
230 231 8754
231 232 5189
232 233 1153
233 234 1818
234 235 8135
235 236 8555
236 237 4608
237 238 4794
238 239 4657
239 240 7699
240 241 9374
241 242 4428
242 243 9337
243 244 5351
244 245 9055
245 246 7387
246 247 4308
247 248 4499
248 249 6728
249 250 8236
250 251 1501
251 252 255
252 253 5213
253 254 9359
254 255 5642
255 256 2800
256 257 2553
257 258 7400
258 259 7445
259 260 4079
260 261 9345
261 262 3848
262 263 5230
263 264 3514
264 265 3728
265 266 1686
266 267 5623
267 268 8015
268 269 2879
269 270 6801
270 271 9726
271 272 4089
272 273 8491
273 274 5160
274 275 3525
275 276 7137
276 277 3014
277 278 1889
278 279 1843
279 280 3419
280 281 4215
281 282 1950
282 283 7277
283 284 6215
284 285 2625
285 286 5541
286 287 9379
287 288 7565
288 289 1247
289 290 5425
290 291 4809
291 292 657
292 293 2555
293 294 911
294 295 9182
295 296 7337
296 297 4376
297 298 2820
298 299 479
0 299 8157
