250 250
0 1 9485
1 2 8922
2 3 6904
3 4 8992
4 5 2011
5 6 9522
6 7 6007
7 8 5909
8 9 3142
9 10 9920
10 11 2999
11 12 4294
12 13 7235
13 14 6251
14 15 5807
15 16 7454
16 17 8158
17 18 1755
18 19 5013
19 20 9578
20 21 7847
21 22 1084
22 23 2867
23 24 1298
24 25 7778
25 26 4042
26 27 3660
27 28 5024
28 29 5124
29 30 8474
30 31 8579
31 32 956
32 33 1088
33 34 2220
34 35 2351
35 36 7106
36 37 9235
37 38 856
38 39 2392
39 40 6164
40 41 9457
41 42 5350
42 43 7674
43 44 6841
44 45 2175
45 46 5143
46 47 5204
47 48 8048
48 49 7702
49 50 8240
50 51 5156
51 52 4507
52 53 1849
53 54 1770
54 55 9868
55 56 6530
56 57 5322
57 58 1416
58 59 9907
59 60 8459
60 61 3354
61 62 5131
62 63 4735
63 64 9437
64 65 2727
65 66 4395
66 67 3177
67 68 2066
68 69 3964
69 70 831
70 71 6399
71 72 4036
72 73 4245
73 74 85
74 75 5502
75 76 5849
76 77 2490
77 78 9311
78 79 5437
79 80 3617
80 81 3577
81 82 9764
82 83 9928
83 84 6375
84 85 3237
85 86 4329
86 87 7340
87 88 5154
88 89 1803
89 90 1333
90 91 4137
91 92 2389
92 93 7361
93 94 3181
94 95 9495
95 96 8213
96 97 103
97 98 7458
98 99 3517
99 100 493
100 101 4760
101 102 2631
102 103 7381
103 104 2820
104 105 5141
105 106 79
106 107 8287
107 108 6331
108 109 6570
109 110 4791
110 111 5053
111 112 1567
112 113 4244
113 114 5050
114 115 4209
115 116 8536
116 117 4796
117 118 3888
118 119 3842
119 120 4081
120 121 7231
121 122 5448
122 123 5502
123 124 3108
124 125 9762
125 126 1719
126 127 5037
127 128 2173
128 129 2195
129 130 2365
130 131 7858
131 132 9969
132 133 4000
133 134 5051
134 135 5246
135 136 7798
136 137 749
137 138 2942
138 139 8458
139 140 7742
140 141 6365
141 142 8769
142 143 2868
143 144 4816
144 145 5075
145 146 8113
146 147 2275
147 148 83
148 149 592
149 150 9496
150 151 6626
151 152 3977
152 153 9544
153 154 2390
154 155 570
155 156 9331
156 157 4869
157 158 8903
158 159 4621
159 160 3279
160 161 6567
161 162 5206
162 163 4339
163 164 4365
164 165 3140
165 166 2285
166 167 1234
167 168 3873
168 169 6195
169 170 1850
170 171 2960
171 172 1872
172 173 4694
173 174 5252
174 175 3723
175 176 7013
176 177 8635
177 178 1055
178 179 7202
179 180 2304
180 181 7865
181 182 5762
182 183 2431
183 184 8254
184 185 5412
185 186 3845
186 187 4342
187 188 2130
188 189 3587
189 190 2467
190 191 3527
191 192 2850
192 193 7958
193 194 1828
194 195 8533
195 196 2069
196 197 7642
197 198 6584
198 199 6909
199 200 1178
200 201 8963
201 202 2373
202 203 7122
203 204 7758
204 205 3938
205 206 7894
206 207 1398
207 208 2682
208 209 4250
209 210 4722
210 211 9277
211 212 8235
212 213 9813
213 214 1873
214 215 5228
215 216 6248
216 217 7599
217 218 5483
218 219 7110
219 220 6216
220 221 9856
221 222 2654
222 223 822
223 224 8932
224 225 2878
225 226 1956
226 227 2836
227 228 1580
228 229 7265
229 230 6731
230 231 9874
231 232 9012
232 233 7990
233 234 7796
234 235 629
235 236 3307
236 237 5696
237 238 6611
238 239 9795
239 240 5802
240 241 287
241 242 448
242 243 3521
243 244 8486
244 245 1317
245 246 8326
246 247 4892
247 248 1636
248 249 3423
0 249 7924
