100 100
0 1 810
1 2 2186
2 3 789
3 4 3681
4 5 6584
5 6 3435
6 7 5061
7 8 2639
8 9 16
9 10 3888
10 11 8513
11 12 25
12 13 4604
13 14 5536
14 15 3002
15 16 141
16 17 9749
17 18 2924
18 19 9845
19 20 7195
20 21 8856
21 22 6559
22 23 5412
23 24 8271
24 25 301
25 26 8581
26 27 2283
27 28 9256
28 29 85
29 30 1326
30 31 4002
31 32 4777
32 33 1667
33 34 2395
34 35 2469
35 36 6213
36 37 8395
37 38 6135
38 39 9921
39 40 5550
40 41 4859
41 42 5685
42 43 6379
43 44 4058
44 45 3631
45 46 4860
46 47 1583
47 48 2672
48 49 8973
49 50 844
50 51 8116
51 52 3905
52 53 7628
53 54 599
54 55 5878
55 56 3785
56 57 5685
57 58 4911
58 59 5472
59 60 2646
60 61 7590
61 62 9841
62 63 7880
63 64 7090
64 65 4350
65 66 4755
66 67 8200
67 68 9954
68 69 7563
69 70 2889
70 71 5358
71 72 2533
72 73 7363
73 74 9767
74 75 3173
75 76 5511
76 77 1423
77 78 2016
78 79 9616
79 80 7872
80 81 6973
81 82 8820
82 83 9621
83 84 1552
84 85 6364
85 86 4518
86 87 2766
87 88 5118
88 89 7481
89 90 2862
90 91 6179
91 92 976
92 93 1671
93 94 7980
94 95 1522
95 96 8113
96 97 1435
97 98 867
98 99 2282
0 99 5835
