80 79
0 1 2
0 2 3
0 3 5
0 4 2
0 5 5
0 6 5
0 7 2
0 8 3
0 9 3
0 10 4
0 11 4
0 12 1
0 13 4
0 14 5
0 15 3
0 16 1
0 17 2
0 18 2
0 19 3
0 20 1
0 21 1
0 22 1
0 23 5
0 24 5
0 25 4
0 26 4
0 27 1
0 28 3
0 29 5
0 30 5
0 31 2
0 32 5
0 33 4
0 34 4
0 35 2
0 36 3
0 37 3
0 38 5
0 39 2
0 40 4
0 41 4
0 42 2
0 43 4
0 44 3
0 45 1
0 46 5
0 47 3
0 48 3
0 49 1
0 50 2
0 51 2
0 52 5
0 53 3
0 54 5
0 55 1
0 56 1
0 57 3
0 58 5
0 59 5
0 60 3
0 61 4
0 62 2
0 63 2
0 64 5
0 65 5
0 66 1
0 67 3
0 68 5
0 69 1
0 70 4
0 71 4
0 72 5
0 73 2
0 74 3
0 75 2
0 76 1
0 77 1
0 78 4
0 79 4
