300 299
0 1 8670
0 2 2944
0 3 8174
0 4 1656
0 5 4391
0 6 372
0 7 2713
0 8 5217
0 9 8616
0 10 4343
0 11 3724
0 12 5936
0 13 8839
0 14 796
0 15 6704
0 16 2040
0 17 4811
0 18 1522
0 19 7457
0 20 1024
0 21 4365
0 22 7692
0 23 6429
0 24 6686
0 25 5450
0 26 4129
0 27 8356
0 28 5591
0 29 2054
0 30 3804
0 31 5743
0 32 1859
0 33 649
0 34 3825
0 35 272
0 36 9592
0 37 1230
0 38 4688
0 39 1201
0 40 8193
0 41 3486
0 42 8250
0 43 7983
0 44 207
0 45 4685
0 46 6725
0 47 2373
0 48 7571
0 49 8731
0 50 8271
0 51 8500
0 52 6975
0 53 6777
0 54 1680
0 55 3825
0 56 7326
0 57 8630
0 58 283
0 59 6907
0 60 7963
0 61 331
0 62 9557
0 63 7808
0 64 2449
0 65 8658
0 66 1570
0 67 1282
0 68 3439
0 69 5193
0 70 6781
0 71 1422
0 72 8801
0 73 745
0 74 6563
0 75 141
0 76 3241
0 77 8365
0 78 7891
0 79 4415
0 80 5258
0 81 6853
0 82 5965
0 83 7701
0 84 413
0 85 965
0 86 9255
0 87 3784
0 88 6165
0 89 723
0 90 6441
0 91 588
0 92 3712
0 93 6344
0 94 4630
0 95 7468
0 96 5407
0 97 5793
0 98 4814
0 99 6351
0 100 8044
0 101 4072
0 102 3761
0 103 1984
0 104 3022
0 105 531
0 106 5348
0 107 7428
0 108 8527
0 109 1829
0 110 8700
0 111 9616
0 112 1864
0 113 256
0 114 9951
0 115 1454
0 116 4192
0 117 2472
0 118 7941
0 119 7479
0 120 7335
0 121 2826
0 122 914
0 123 9073
0 124 9732
0 125 1330
0 126 6801
0 127 7165
0 128 7072
0 129 6718
0 130 9091
0 131 5560
0 132 2174
0 133 2520
0 134 9410
0 135 6972
0 136 9796
0 137 6134
0 138 3018
0 139 2445
0 140 6386
0 141 6685
0 142 2301
0 143 3204
0 144 1513
0 145 9483
0 146 8850
0 147 8148
0 148 9655
0 149 8745
0 150 2092
0 151 9939
0 152 574
0 153 4143
0 154 9237
0 155 8541
0 156 757
0 157 4191
0 158 5432
0 159 8581
0 160 7228
0 161 8492
0 162 9928
0 163 8555
0 164 8043
0 165 8105
0 166 2626
0 167 4037
0 168 4072
0 169 4703
0 170 438
0 171 3221
0 172 370
0 173 4139
0 174 5228
0 175 8253
0 176 9609
0 177 8407
0 178 6953
0 179 8741
0 180 8042
0 181 5038
0 182 5188
0 183 9739
0 184 7426
0 185 3538
0 186 9373
0 187 178
0 188 3274
0 189 7975
0 190 300
0 191 2918
0 192 1779
0 193 3567
0 194 6946
0 195 5522
0 196 8387
0 197 8319
0 198 6368
0 199 9591
0 200 9522
0 201 5089
0 202 9704
0 203 139
0 204 6657
0 205 4559
0 206 7193
0 207 1353
0 208 3312
0 209 9913
0 210 1711
0 211 2085
0 212 4515
0 213 8510
0 214 3600
0 215 439
0 216 5449
0 217 8914
0 218 160
0 219 3016
0 220 810
0 221 5324
0 222 662
0 223 7810
0 224 6277
0 225 1783
0 226 1288
0 227 7507
0 228 9892
0 229 5194
0 230 8289
0 231 9574
0 232 1638
0 233 752
0 234 2462
0 235 9363
0 236 1788
0 237 8493
0 238 1751
0 239 8396
0 240 2838
0 241 1930
0 242 5914
0 243 7765
0 244 1834
0 245 2291
0 246 5215
0 247 6989
0 248 7163
0 249 2576
0 250 1986
0 251 8357
0 252 6648
0 253 8558
0 254 1582
0 255 2606
0 256 3875
0 257 6836
0 258 6733
0 259 1360
0 260 5232
0 261 6808
0 262 2085
0 263 5718
0 264 6889
0 265 147
0 266 8953
0 267 1669
0 268 7113
0 269 2166
0 270 2348
0 271 8164
0 272 308
0 273 2762
0 274 7951
0 275 9431
0 276 2263
0 277 988
0 278 7849
0 279 5227
0 280 318
0 281 641
0 282 2496
0 283 1651
0 284 1270
0 285 7539
0 286 6022
0 287 322
0 288 7669
0 289 5129
0 290 8441
0 291 8718
0 292 8156
0 293 478
0 294 2880
0 295 2689
0 296 2738
0 297 8472
0 298 1369
0 299 5014
