100 99
0 1 575
0 2 7816
0 3 7773
0 4 729
0 5 8974
0 6 795
0 7 6451
0 8 4055
0 9 6013
0 10 7333
0 11 9134
0 12 9790
0 13 7485
0 14 4740
0 15 9036
0 16 5236
0 17 1561
0 18 1248
0 19 7304
0 20 6730
0 21 354
0 22 129
0 23 6423
0 24 3823
0 25 2932
0 26 8809
0 27 5376
0 28 254
0 29 1532
0 30 8853
0 31 5133
0 32 2103
0 33 4798
0 34 4559
0 35 2139
0 36 8
0 37 3672
0 38 9992
0 39 88
0 40 8396
0 41 2694
0 42 256
0 43 2633
0 44 1962
0 45 2547
0 46 8675
0 47 2982
0 48 6741
0 49 6000
0 50 4605
0 51 711
0 52 7665
0 53 1421
0 54 2909
0 55 5169
0 56 3528
0 57 380
0 58 9099
0 59 4014
0 60 2437
0 61 1944
0 62 948
0 63 3830
0 64 9313
0 65 4779
0 66 1568
0 67 5428
0 68 9918
0 69 8338
0 70 7384
0 71 9923
0 72 4454
0 73 1061
0 74 2478
0 75 2924
0 76 6392
0 77 1798
0 78 8105
0 79 3231
0 80 3640
0 81 2007
0 82 7391
0 83 6137
0 84 4655
0 85 2045
0 86 4893
0 87 1478
0 88 5401
0 89 5259
0 90 114
0 91 5005
0 92 9137
0 93 4555
0 94 959
0 95 8204
0 96 5464
0 97 7211
0 98 950
0 99 7785
