180 179
0 1 2980
0 2 9629
0 3 3793
0 4 3829
0 5 4968
0 6 3641
0 7 8437
0 8 9283
0 9 5541
0 10 535
0 11 4100
0 12 5515
0 13 3917
0 14 2512
0 15 6347
0 16 3455
0 17 3103
0 18 8574
0 19 4598
0 20 4122
0 21 2820
0 22 5596
0 23 2998
0 24 9191
0 25 3674
0 26 189
0 27 4069
0 28 3811
0 29 2754
0 30 5408
0 31 6014
0 32 4012
0 33 6678
0 34 7126
0 35 2718
0 36 6708
0 37 870
0 38 647
0 39 5987
0 40 361
0 41 7378
0 42 2637
0 43 8422
0 44 9003
0 45 4022
0 46 5308
0 47 7153
0 48 7671
0 49 9521
0 50 4301
0 51 1710
0 52 6957
0 53 537
0 54 131
0 55 8755
0 56 7364
0 57 6316
0 58 5591
0 59 1127
0 60 7757
0 61 4719
0 62 3161
0 63 1182
0 64 5309
0 65 8201
0 66 1965
0 67 9488
0 68 3538
0 69 4591
0 70 1363
0 71 5341
0 72 546
0 73 1614
0 74 7145
0 75 8090
0 76 5638
0 77 9039
0 78 6499
0 79 3907
0 80 913
0 81 7558
0 82 2776
0 83 8562
0 84 9515
0 85 647
0 86 5851
0 87 6802
0 88 7109
0 89 3992
0 90 9305
0 91 6084
0 92 5725
0 93 5456
0 94 8553
0 95 8463
0 96 93
0 97 9151
0 98 2951
0 99 4766
0 100 7952
0 101 828
0 102 5220
0 103 9998
0 104 4727
0 105 7007
0 106 6455
0 107 6030
0 108 4299
0 109 2389
0 110 8940
0 111 8696
0 112 527
0 113 6729
0 114 945
0 115 2524
0 116 3381
0 117 5560
0 118 6215
0 119 6555
0 120 545
0 121 1878
0 122 234
0 123 1890
0 124 848
0 125 7934
0 126 8139
0 127 9678
0 128 9484
0 129 8297
0 130 2941
0 131 2408
0 132 5199
0 133 5658
0 134 9473
0 135 2614
0 136 8850
0 137 8182
0 138 2990
0 139 1826
0 140 3015
0 141 7739
0 142 8965
0 143 2373
0 144 1995
0 145 9132
0 146 5823
0 147 3250
0 148 2180
0 149 2084
0 150 9439
0 151 102
0 152 132
0 153 5667
0 154 2531
0 155 5352
0 156 9913
0 157 4395
0 158 6787
0 159 4410
0 160 5752
0 161 6101
0 162 2775
0 163 9653
0 164 8115
0 165 7337
0 166 2603
0 167 7197
0 168 6318
0 169 4714
0 170 8279
0 171 3153
0 172 4791
0 173 7755
0 174 317
0 175 8316
0 176 58
0 177 2631
0 178 1262
0 179 8967
