60 59
0 1 5855
0 2 8366
0 3 2954
0 4 268
0 5 3686
0 6 4566
0 7 8768
0 8 5078
0 9 4715
0 10 3282
0 11 11
0 12 4724
0 13 1558
0 14 8522
0 15 525
0 16 1303
0 17 6689
0 18 5451
0 19 8297
0 20 5149
0 21 6696
0 22 6865
0 23 4864
0 24 8666
0 25 523
0 26 6981
0 27 2406
0 28 4441
0 29 8111
0 30 1845
0 31 4597
0 32 6167
0 33 7426
0 34 9577
0 35 5015
0 36 1757
0 37 1904
0 38 2387
0 39 3188
0 40 9803
0 41 8153
0 42 3003
0 43 1111
0 44 4611
0 45 9751
0 46 7823
0 47 1724
0 48 2384
0 49 7406
0 50 6600
0 51 3640
0 52 7341
0 53 7399
0 54 4606
0 55 3333
0 56 2322
0 57 8447
0 58 9090
0 59 5353
