120 119
0 1 282
0 2 1775
0 3 7561
0 4 1194
0 5 1264
0 6 9314
0 7 6438
0 8 9286
0 9 802
0 10 2290
0 11 4470
0 12 6990
0 13 6505
0 14 5751
0 15 9431
0 16 8557
0 17 7681
0 18 5338
0 19 4641
0 20 8881
0 21 4131
0 22 4329
0 23 6344
0 24 311
0 25 3130
0 26 2206
0 27 7499
0 28 8774
0 29 1560
0 30 4226
0 31 549
0 32 7917
0 33 3461
0 34 3056
0 35 2405
0 36 7571
0 37 235
0 38 2589
0 39 8932
0 40 498
0 41 5412
0 42 9777
0 43 3528
0 44 1601
0 45 8050
0 46 4984
0 47 802
0 48 6343
0 49 2964
0 50 7639
0 51 1528
0 52 3841
0 53 8198
0 54 9220
0 55 7796
0 56 6656
0 57 4273
0 58 1449
0 59 8729
0 60 10
0 61 7763
0 62 452
0 63 1588
0 64 8652
0 65 1129
0 66 4606
0 67 7182
0 68 4705
0 69 4158
0 70 7790
0 71 3870
0 72 3790
0 73 8309
0 74 1180
0 75 1593
0 76 5604
0 77 4105
0 78 6872
0 79 1244
0 80 4734
0 81 6673
0 82 5474
0 83 9501
0 84 2495
0 85 3266
0 86 9429
0 87 3805
0 88 9425
0 89 6147
0 90 7864
0 91 3244
0 92 7783
0 93 8285
0 94 5656
0 95 7103
0 96 68
0 97 5717
0 98 1623
0 99 9726
0 100 805
0 101 7633
0 102 4076
0 103 3028
0 104 7465
0 105 1541
0 106 8839
0 107 7814
0 108 5228
0 109 5089
0 110 3742
0 111 3338
0 112 6122
0 113 7469
0 114 178
0 115 7469
0 116 4764
0 117 2714
0 118 3609
0 119 4967
