250 249
0 1 8849
0 2 3056
0 3 2444
0 4 6880
0 5 4078
0 6 3786
0 7 4015
0 8 4139
0 9 2815
0 10 7834
0 11 9765
0 12 2380
0 13 4603
0 14 7673
0 15 3658
0 16 9702
0 17 8090
0 18 7974
0 19 6388
0 20 2005
0 21 7943
0 22 136
0 23 3103
0 24 15
0 25 7832
0 26 9436
0 27 4472
0 28 4897
0 29 8382
0 30 6366
0 31 8723
0 32 3984
0 33 9561
0 34 5278
0 35 5155
0 36 4803
0 37 8496
0 38 732
0 39 5842
0 40 2554
0 41 1091
0 42 6089
0 43 1366
0 44 2820
0 45 8382
0 46 1882
0 47 9740
0 48 8921
0 49 1512
0 50 678
0 51 4831
0 52 8541
0 53 3318
0 54 9738
0 55 4946
0 56 2027
0 57 7826
0 58 2914
0 59 3230
0 60 5002
0 61 5231
0 62 5580
0 63 2519
0 64 9607
0 65 3627
0 66 8624
0 67 6533
0 68 2970
0 69 1138
0 70 333
0 71 6246
0 72 9666
0 73 8596
0 74 9956
0 75 7901
0 76 4502
0 77 7003
0 78 9813
0 79 2483
0 80 3593
0 81 9156
0 82 2839
0 83 3794
0 84 3975
0 85 3292
0 86 7412
0 87 5620
0 88 48
0 89 5953
0 90 4518
0 91 8189
0 92 9949
0 93 952
0 94 2025
0 95 4496
0 96 128
0 97 9921
0 98 5334
0 99 5558
0 100 4501
0 101 3390
0 102 7924
0 103 3685
0 104 9257
0 105 1119
0 106 313
0 107 1014
0 108 7079
0 109 4867
0 110 5046
0 111 9093
0 112 775
0 113 6136
0 114 3723
0 115 7157
0 116 5675
0 117 2005
0 118 8555
0 119 8581
0 120 972
0 121 2974
0 122 6729
0 123 9305
0 124 9605
0 125 5015
0 126 3918
0 127 4427
0 128 8894
0 129 7757
0 130 2146
0 131 6356
0 132 2035
0 133 3331
0 134 585
0 135 1330
0 136 2041
0 137 6002
0 138 9617
0 139 9472
0 140 9148
0 141 2855
0 142 8471
0 143 6523
0 144 914
0 145 2812
0 146 8461
0 147 6832
0 148 3933
0 149 945
0 150 6123
0 151 73
0 152 3708
0 153 6765
0 154 7889
0 155 8860
0 156 4855
0 157 9068
0 158 8918
0 159 107
0 160 7712
0 161 2932
0 162 8310
0 163 6443
0 164 2167
0 165 9442
0 166 7280
0 167 2628
0 168 5943
0 169 63
0 170 5101
0 171 914
0 172 6461
0 173 8090
0 174 5280
0 175 675
0 176 2809
0 177 9559
0 178 6584
0 179 7905
0 180 1557
0 181 2419
0 182 2342
0 183 1552
0 184 7528
0 185 8331
0 186 6050
0 187 739
0 188 1719
0 189 2087
0 190 6650
0 191 9410
0 192 9773
0 193 8243
0 194 1823
0 195 492
0 196 647
0 197 3273
0 198 620
0 199 9386
0 200 8743
0 201 3311
0 202 1949
0 203 6200
0 204 4916
0 205 6775
0 206 3221
0 207 9487
0 208 8066
0 209 7562
0 210 7767
0 211 7597
0 212 268
0 213 1303
0 214 4720
0 215 5143
0 216 5938
0 217 1008
0 218 1074
0 219 6931
0 220 8965
0 221 8102
0 222 6494
0 223 5283
0 224 2472
0 225 5781
0 226 1208
0 227 9956
0 228 1783
0 229 9486
0 230 8188
0 231 4748
0 232 7418
0 233 5171
0 234 9510
0 235 4854
0 236 1294
0 237 2432
0 238 1432
0 239 1290
0 240 1483
0 241 70
0 242 2290
0 243 3220
0 244 3356
0 245 7181
0 246 4279
0 247 9413
0 248 9047
0 249 4289
