240 239
0 1 4604
0 2 6274
0 3 8401
0 4 9254
0 5 4012
0 6 8179
0 7 2230
0 8 5371
0 9 9883
0 10 3141
0 11 9045
0 12 2012
0 13 3586
0 14 580
0 15 8399
0 16 9030
0 17 7656
0 18 1435
0 19 209
0 20 9339
0 21 7111
0 22 6621
0 23 5677
0 24 5342
0 25 7747
0 26 2344
0 27 1218
0 28 3892
0 29 8574
0 30 4160
0 31 105
0 32 5464
0 33 31
0 34 7442
0 35 7323
0 36 103
0 37 9040
0 38 9569
0 39 8710
0 40 8294
0 41 6417
0 42 8585
0 43 5197
0 44 8579
0 45 9335
0 46 2240
0 47 1844
0 48 1841
0 49 6650
0 50 1618
0 51 88
0 52 9742
0 53 4881
0 54 7408
0 55 1832
0 56 6363
0 57 5505
0 58 6045
0 59 6409
0 60 4059
0 61 5119
0 62 8352
0 63 7523
0 64 8373
0 65 9766
0 66 3299
0 67 619
0 68 6837
0 69 2986
0 70 8713
0 71 9962
0 72 205
0 73 1495
0 74 2518
0 75 1564
0 76 6711
0 77 2244
0 78 4004
0 79 4838
0 80 3122
0 81 2194
0 82 6155
0 83 1404
0 84 514
0 85 8512
0 86 6289
0 87 979
0 88 317
0 89 1239
0 90 2771
0 91 5170
0 92 8764
0 93 177
0 94 9041
0 95 1193
0 96 9949
0 97 2877
0 98 4916
0 99 5063
0 100 6451
0 101 8383
0 102 3048
0 103 3691
0 104 9559
0 105 7884
0 106 799
0 107 217
0 108 2847
0 109 4754
0 110 2247
0 111 5654
0 112 8703
0 113 5765
0 114 7494
0 115 7459
0 116 1636
0 117 9409
0 118 1537
0 119 383
0 120 8565
0 121 8260
0 122 9336
0 123 377
0 124 86
0 125 9067
0 126 3709
0 127 4032
0 128 5644
0 129 2166
0 130 7596
0 131 7177
0 132 6246
0 133 2724
0 134 2799
0 135 8896
0 136 1044
0 137 3213
0 138 3709
0 139 9510
0 140 5296
0 141 988
0 142 958
0 143 6163
0 144 7613
0 145 2907
0 146 640
0 147 7244
0 148 6886
0 149 962
0 150 5991
0 151 2521
0 152 3990
0 153 2055
0 154 3364
0 155 1257
0 156 8912
0 157 3499
0 158 3
0 159 9883
0 160 3566
0 161 9761
0 162 177
0 163 1994
0 164 1871
0 165 2247
0 166 7910
0 167 2212
0 168 3522
0 169 6012
0 170 6536
0 171 6920
0 172 5866
0 173 1941
0 174 9896
0 175 3588
0 176 1377
0 177 1583
0 178 2335
0 179 889
0 180 6560
0 181 8642
0 182 7393
0 183 448
0 184 5867
0 185 2769
0 186 975
0 187 8161
0 188 4686
0 189 5071
0 190 9239
0 191 7389
0 192 7733
0 193 4992
0 194 7752
0 195 1035
0 196 7989
0 197 6837
0 198 2702
0 199 13
0 200 4313
0 201 7146
0 202 9625
0 203 3616
0 204 1600
0 205 8505
0 206 7281
0 207 4956
0 208 4022
0 209 2776
0 210 4909
0 211 8190
0 212 2136
0 213 5615
0 214 5288
0 215 5875
0 216 4252
0 217 8317
0 218 8240
0 219 2840
0 220 5055
0 221 8704
0 222 231
0 223 9649
0 224 6669
0 225 1071
0 226 1211
0 227 2818
0 228 1348
0 229 3203
0 230 1078
0 231 7902
0 232 9196
0 233 8426
0 234 115
0 235 2703
0 236 6452
0 237 6972
0 238 2216
0 239 3710
