150 149
0 1 179
0 2 233
0 3 62
0 4 994
0 5 963
0 6 387
0 7 901
0 8 701
0 9 171
0 10 780
0 11 690
0 12 219
0 13 870
0 14 785
0 15 161
0 16 709
0 17 284
0 18 157
0 19 980
0 20 655
0 21 530
0 22 709
0 23 84
0 24 123
0 25 197
0 26 579
0 27 833
0 28 368
0 29 413
0 30 387
0 31 413
0 32 29
0 33 488
0 34 324
0 35 393
0 36 241
0 37 62
0 38 448
0 39 589
0 40 731
0 41 545
0 42 464
0 43 77
0 44 519
0 45 470
0 46 60
0 47 217
0 48 531
0 49 8
0 50 627
0 51 716
0 52 956
0 53 842
0 54 376
0 55 532
0 56 973
0 57 269
0 58 184
0 59 270
0 60 320
0 61 159
0 62 781
0 63 898
0 64 222
0 65 452
0 66 123
0 67 849
0 68 633
0 69 273
0 70 438
0 71 426
0 72 836
0 73 561
0 74 855
0 75 934
0 76 327
0 77 238
0 78 793
0 79 1
0 80 397
0 81 152
0 82 78
0 83 130
0 84 850
0 85 490
0 86 72
0 87 992
0 88 899
0 89 197
0 90 181
0 91 506
0 92 955
0 93 303
0 94 729
0 95 958
0 96 429
0 97 840
0 98 457
0 99 227
0 100 922
0 101 421
0 102 181
0 103 541
0 104 933
0 105 847
0 106 741
0 107 344
0 108 326
0 109 434
0 110 562
0 111 211
0 112 409
0 113 671
0 114 153
0 115 514
0 116 898
0 117 958
0 118 339
0 119 644
0 120 56
0 121 952
0 122 438
0 123 196
0 124 170
0 125 853
0 126 961
0 127 370
0 128 745
0 129 812
0 130 967
0 131 403
0 132 789
0 133 269
0 134 106
0 135 348
0 136 342
0 137 219
0 138 734
0 139 665
0 140 116
0 141 437
0 142 848
0 143 740
0 144 194
0 145 352
0 146 15
0 147 783
0 148 515
0 149 194
