200 199
0 1 523
0 2 56
0 3 227
0 4 220
0 5 60
0 6 20
0 7 306
0 8 564
0 9 525
0 10 730
0 11 52
0 12 164
0 13 312
0 14 27
0 15 549
0 16 148
0 17 898
0 18 990
0 19 668
0 20 556
0 21 158
0 22 984
0 23 75
0 24 362
0 25 159
0 26 814
0 27 586
0 28 764
0 29 965
0 30 685
0 31 845
0 32 880
0 33 678
0 34 924
0 35 669
0 36 763
0 37 271
0 38 627
0 39 223
0 40 475
0 41 358
0 42 819
0 43 641
0 44 217
0 45 389
0 46 103
0 47 307
0 48 194
0 49 210
0 50 890
0 51 797
0 52 676
0 53 468
0 54 260
0 55 768
0 56 871
0 57 671
0 58 73
0 59 766
0 60 869
0 61 645
0 62 735
0 63 492
0 64 878
0 65 414
0 66 286
0 67 664
0 68 782
0 69 434
0 70 40
0 71 567
0 72 987
0 73 574
0 74 587
0 75 433
0 76 380
0 77 455
0 78 971
0 79 612
0 80 326
0 81 541
0 82 464
0 83 95
0 84 573
0 85 508
0 86 293
0 87 783
0 88 627
0 89 274
0 90 461
0 91 17
0 92 66
0 93 423
0 94 49
0 95 858
0 96 651
0 97 888
0 98 715
0 99 293
0 100 90
0 101 673
0 102 895
0 103 860
0 104 937
0 105 97
0 106 971
0 107 816
0 108 750
0 109 184
0 110 950
0 111 102
0 112 977
0 113 178
0 114 746
0 115 145
0 116 769
0 117 3
0 118 132
0 119 716
0 120 87
0 121 260
0 122 818
0 123 426
0 124 112
0 125 666
0 126 52
0 127 543
0 128 159
0 129 571
0 130 606
0 131 794
0 132 429
0 133 703
0 134 849
0 135 689
0 136 955
0 137 800
0 138 177
0 139 461
0 140 263
0 141 437
0 142 539
0 143 185
0 144 295
0 145 159
0 146 912
0 147 794
0 148 613
0 149 104
0 150 668
0 151 911
0 152 444
0 153 8
0 154 475
0 155 535
0 156 343
0 157 337
0 158 621
0 159 856
0 160 528
0 161 980
0 162 633
0 163 161
0 164 394
0 165 648
0 166 464
0 167 451
0 168 76
0 169 90
0 170 135
0 171 585
0 172 845
0 173 408
0 174 61
0 175 7
0 176 667
0 177 934
0 178 941
0 179 356
0 180 846
0 181 59
0 182 832
0 183 820
0 184 699
0 185 200
0 186 25
0 187 570
0 188 588
0 189 767
0 190 10
0 191 479
0 192 541
0 193 999
0 194 134
0 195 504
0 196 873
0 197 177
0 198 442
0 199 620
