150 149
0 1 7353
0 2 6807
0 3 8121
0 4 5555
0 5 9903
0 6 1233
0 7 1017
0 8 3251
0 9 9994
0 10 6453
0 11 7524
0 12 7982
0 13 2760
0 14 3284
0 15 8856
0 16 4076
0 17 6420
0 18 9442
0 19 1939
0 20 8878
1 21 1283
1 22 6077
1 23 4454
1 24 1074
1 25 3608
1 26 9576
1 27 7914
1 28 5538
1 29 6463
1 30 8593
1 31 8719
1 32 7261
1 33 3203
1 34 967
1 35 5701
1 36 7433
1 37 1732
1 38 4216
1 39 5974
1 40 2716
2 41 4804
2 42 8275
2 43 8622
2 44 4892
2 45 4593
2 46 3168
2 47 141
2 48 6460
2 49 7917
2 50 2852
2 51 5972
2 52 2002
2 53 165
2 54 925
2 55 6851
2 56 2384
2 57 7064
2 58 5791
2 59 3670
2 60 5163
3 61 8107
3 62 2265
3 63 274
3 64 1233
3 65 2563
3 66 207
3 67 7303
3 68 4224
3 69 631
3 70 7929
3 71 2289
3 72 8639
3 73 5669
3 74 9113
3 75 8207
3 76 3939
3 77 4423
3 78 7817
3 79 6422
3 80 9090
4 81 5961
4 82 869
4 83 298
4 84 7717
4 85 7641
4 86 4528
4 87 9409
4 88 6146
4 89 8339
4 90 7061
4 91 7232
4 92 5928
4 93 5475
4 94 4391
4 95 1213
4 96 7896
4 97 3150
4 98 7452
4 99 7320
4 100 3606
5 101 2381
5 102 2834
5 103 7878
5 104 2344
5 105 5921
5 106 6146
5 107 4710
5 108 5682
5 109 6459
5 110 4724
5 111 4364
5 112 3148
5 113 9153
5 114 9937
5 115 4834
5 116 969
5 117 4729
5 118 2277
5 119 3017
5 120 5347
6 121 4592
6 122 4936
6 123 3752
6 124 8585
6 125 3495
6 126 9940
6 127 1533
6 128 9407
6 129 9625
6 130 545
6 131 2612
6 132 9870
6 133 8248
6 134 2599
6 135 456
6 136 9538
6 137 1236
6 138 6998
6 139 4148
6 140 7222
7 141 6078
7 142 7271
7 143 3326
7 144 1767
7 145 1057
7 146 8668
7 147 9805
7 148 2688
7 149 6930
