60 59
0 1 4110
0 2 2562
0 3 6670
0 4 2974
0 5 4523
0 6 9904
0 7 3902
0 8 3714
0 9 5342
0 10 3835
0 11 9537
0 12 1992
0 13 5044
0 14 1285
0 15 7549
0 16 1335
0 17 2210
0 18 2042
0 19 2967
0 20 6567
0 21 9975
0 22 3661
0 23 1189
0 24 8520
0 25 5986
0 26 4605
0 27 5685
0 28 5039
0 29 9577
0 30 4073
0 31 5837
0 32 1191
0 33 7440
0 34 9662
1 35 4204
1 36 2006
1 37 431
1 38 8616
1 39 5416
1 40 6309
1 41 7007
1 42 8030
1 43 3086
1 44 4474
1 45 3156
1 46 3924
1 47 1276
1 48 3719
1 49 4931
1 50 2897
1 51 5613
1 52 9127
1 53 4072
1 54 8012
1 55 1907
1 56 8036
1 57 5863
1 58 8846
1 59 8204
