150 149
0 1 741
0 2 92
0 3 433
0 4 158
0 5 888
0 6 116
0 7 469
0 8 119
0 9 669
0 10 350
0 11 432
0 12 440
0 13 759
0 14 784
0 15 327
0 16 379
0 17 842
1 18 163
1 19 357
1 20 834
1 21 208
1 22 355
1 23 118
1 24 986
1 25 367
1 26 648
1 27 532
1 28 90
1 29 584
1 30 955
1 31 777
1 32 647
1 33 442
1 34 846
2 35 690
2 36 707
2 37 794
2 38 92
2 39 152
2 40 676
2 41 470
2 42 161
2 43 389
2 44 107
2 45 3
2 46 33
2 47 734
2 48 697
2 49 320
2 50 692
2 51 1000
3 52 429
3 53 385
3 54 4
3 55 415
3 56 300
3 57 294
3 58 471
3 59 254
3 60 195
3 61 803
3 62 597
3 63 762
3 64 27
3 65 662
3 66 892
3 67 370
3 68 888
4 69 166
4 70 929
4 71 69
4 72 205
4 73 242
4 74 994
4 75 391
4 76 906
4 77 168
4 78 198
4 79 318
4 80 861
4 81 647
4 82 888
4 83 770
4 84 776
4 85 971
5 86 567
5 87 467
5 88 668
5 89 627
5 90 234
5 91 734
5 92 638
5 93 212
5 94 781
5 95 378
5 96 6
5 97 523
5 98 670
5 99 999
5 100 965
5 101 881
5 102 861
6 103 832
6 104 283
6 105 429
6 106 177
6 107 732
6 108 136
6 109 970
6 110 720
6 111 459
6 112 872
6 113 758
6 114 946
6 115 656
6 116 660
6 117 637
6 118 583
6 119 794
7 120 232
7 121 193
7 122 433
7 123 766
7 124 301
7 125 648
7 126 624
7 127 979
7 128 75
7 129 549
7 130 959
7 131 530
7 132 233
7 133 143
7 134 31
7 135 521
7 136 331
8 137 52
8 138 384
8 139 838
8 140 57
8 141 503
8 142 394
8 143 57
8 144 83
8 145 483
8 146 541
8 147 437
8 148 545
8 149 877
