80 79
0 1 5379
0 2 8387
0 3 8286
0 4 6180
0 5 2440
0 6 6377
0 7 8585
0 8 495
0 9 8137
0 10 3791
0 11 6366
0 12 519
0 13 5576
0 14 3977
0 15 7850
0 16 8750
0 17 4851
0 18 7913
0 19 9540
0 20 4141
0 21 6888
0 22 7814
0 23 8760
0 24 2759
0 25 9639
0 26 7226
0 27 806
0 28 5896
0 29 770
0 30 4759
0 31 9685
0 32 9100
0 33 1547
0 34 690
0 35 9547
0 36 8004
0 37 4662
0 38 4666
0 39 6804
0 40 1821
0 41 5974
0 42 3331
0 43 7658
0 44 7055
0 45 2435
1 46 3064
1 47 7637
1 48 9499
1 49 1017
1 50 1874
1 51 3382
1 52 1384
1 53 7696
1 54 7205
1 55 608
1 56 831
1 57 1233
1 58 4890
1 59 8161
1 60 7914
1 61 777
1 62 981
1 63 6936
1 64 620
1 65 5438
1 66 1283
1 67 495
1 68 5041
1 69 2474
1 70 7196
1 71 4373
1 72 8498
1 73 6880
1 74 906
1 75 4430
1 76 4496
1 77 2252
1 78 3006
1 79 1095
