80 79
0 1 602
0 2 1719
0 3 3764
0 4 7106
0 5 1142
0 6 5223
0 7 2437
0 8 7992
0 9 6607
0 10 5958
0 11 3031
0 12 3914
0 13 49
0 14 6121
0 15 8248
0 16 8225
0 17 3801
0 18 6232
0 19 3646
0 20 3875
0 21 6801
0 22 2377
0 23 1556
0 24 4519
0 25 6660
0 26 4934
0 27 7424
0 28 9678
0 29 4483
0 30 923
0 31 6842
0 32 311
0 33 2957
0 34 2517
0 35 5015
0 36 2250
0 37 3584
0 38 7997
0 39 746
0 40 51
0 41 6106
0 42 7799
0 43 2196
1 44 6686
1 45 5566
1 46 4904
1 47 3623
1 48 7998
1 49 2113
1 50 6466
1 51 2376
1 52 3570
1 53 33
1 54 7487
1 55 7745
1 56 9631
1 57 6262
1 58 9507
1 59 485
1 60 4437
1 61 999
1 62 7766
1 63 2390
1 64 382
1 65 5178
1 66 5543
1 67 4379
1 68 3192
1 69 8653
1 70 9807
1 71 8766
1 72 1479
1 73 5820
1 74 5630
1 75 9429
1 76 304
1 77 9134
1 78 5109
1 79 7154
