120 119
0 1 9316
0 2 7394
0 3 6817
0 4 5902
1 5 4546
1 6 7939
1 7 5999
1 8 8303
2 9 8215
2 10 2964
2 11 5969
2 12 5735
3 13 7568
3 14 6573
3 15 5180
3 16 7604
4 17 1954
4 18 2975
4 19 4800
4 20 2293
5 21 34
5 22 2910
5 23 1766
5 24 9382
6 25 3253
6 26 6199
6 27 5354
6 28 7517
7 29 616
7 30 4893
7 31 4081
7 32 5683
8 33 4272
8 34 3674
8 35 52
8 36 3309
9 37 337
9 38 8296
9 39 1019
9 40 6354
10 41 6849
10 42 8617
10 43 1170
10 44 6855
11 45 6455
11 46 1938
11 47 3693
11 48 3742
12 49 3257
12 50 3388
12 51 3277
12 52 5624
13 53 8215
13 54 5672
13 55 4487
13 56 1506
14 57 8581
14 58 820
14 59 3758
14 60 1216
15 61 6533
15 62 5799
15 63 9013
15 64 8960
16 65 7650
16 66 4135
16 67 769
16 68 1739
17 69 4849
17 70 3371
17 71 128
17 72 7137
18 73 4713
18 74 4236
18 75 395
18 76 4664
19 77 4411
19 78 9550
19 79 9001
19 80 4357
20 81 2640
20 82 4195
20 83 5822
20 84 8322
21 85 1513
21 86 943
21 87 2891
21 88 1594
22 89 9972
22 90 7246
22 91 6569
22 92 962
23 93 4784
23 94 2610
23 95 5303
23 96 3471
24 97 171
24 98 6057
24 99 101
24 100 4514
25 101 2725
25 102 4868
25 103 3441
25 104 7163
26 105 5121
26 106 1732
26 107 9728
26 108 7292
27 109 8246
27 110 4860
27 111 4521
27 112 6525
28 113 2854
28 114 9640
28 115 7771
28 116 3502
29 117 6990
29 118 8350
29 119 9362
