240 239
0 1 7699
0 2 13
0 3 4116
0 4 9824
0 5 9708
1 6 1028
1 7 6652
1 8 7642
1 9 1392
1 10 377
2 11 2156
2 12 86
2 13 6654
2 14 7891
2 15 1379
3 16 9972
3 17 1475
3 18 2901
3 19 4724
3 20 1053
4 21 3959
4 22 9358
4 23 6377
4 24 3964
4 25 7634
5 26 1030
5 27 8620
5 28 6167
5 29 1182
5 30 2604
6 31 2222
6 32 2364
6 33 1611
6 34 5725
6 35 2017
7 36 5735
7 37 7876
7 38 7236
7 39 2771
7 40 3798
8 41 5809
8 42 7703
8 43 5826
8 44 9117
8 45 1187
9 46 5748
9 47 8213
9 48 5418
9 49 698
9 50 388
10 51 3296
10 52 5764
10 53 1892
10 54 7691
10 55 2859
11 56 3213
11 57 6966
11 58 8118
11 59 4134
11 60 7074
12 61 9056
12 62 736
12 63 5235
12 64 7210
12 65 1405
13 66 6313
13 67 5010
13 68 8300
13 69 8723
13 70 6905
14 71 3243
14 72 3049
14 73 639
14 74 4900
14 75 2645
15 76 1550
15 77 3857
15 78 3857
15 79 6796
15 80 4617
16 81 8177
16 82 9015
16 83 2315
16 84 8898
16 85 1699
17 86 4028
17 87 8804
17 88 1098
17 89 1196
17 90 2756
18 91 7414
18 92 2222
18 93 4484
18 94 4640
18 95 1738
19 96 2744
19 97 4317
19 98 370
19 99 5168
19 100 5143
20 101 37
20 102 3464
20 103 6566
20 104 8724
20 105 7485
21 106 2537
21 107 4136
21 108 6165
21 109 235
21 110 4290
22 111 2553
22 112 5351
22 113 2122
22 114 487
22 115 2193
23 116 234
23 117 2091
23 118 5189
23 119 4891
23 120 8203
24 121 5466
24 122 5497
24 123 4246
24 124 8686
24 125 7854
25 126 5590
25 127 9465
25 128 6811
25 129 5810
25 130 1882
26 131 7555
26 132 5752
26 133 4892
26 134 7272
26 135 1558
27 136 5685
27 137 7452
27 138 8565
27 139 6844
27 140 9621
28 141 2274
28 142 8909
28 143 4173
28 144 243
28 145 9412
29 146 7342
29 147 6455
29 148 4453
29 149 9325
29 150 7778
30 151 1832
30 152 569
30 153 2364
30 154 894
30 155 5319
31 156 9878
31 157 481
31 158 5530
31 159 6349
31 160 3193
32 161 8409
32 162 1156
32 163 3374
32 164 5064
32 165 6670
33 166 3784
33 167 4881
33 168 9528
33 169 4708
33 170 7290
34 171 5775
34 172 1075
34 173 8625
34 174 9080
34 175 1853
35 176 2482
35 177 1867
35 178 5385
35 179 2292
35 180 9333
36 181 2393
36 182 7054
36 183 7983
36 184 6350
36 185 4892
37 186 4808
37 187 9548
37 188 6491
37 189 7044
37 190 3292
38 191 2073
38 192 8257
38 193 3065
38 194 4939
38 195 6332
39 196 8378
39 197 4422
39 198 5828
39 199 3594
39 200 2982
40 201 402
40 202 6987
40 203 2478
40 204 4751
40 205 6694
41 206 5129
41 207 7822
41 208 4059
41 209 5110
41 210 8244
42 211 3693
42 212 5737
42 213 3221
42 214 1500
42 215 3998
43 216 6164
43 217 3874
43 218 6730
43 219 3733
43 220 2440
44 221 6204
44 222 4399
44 223 4885
44 224 135
44 225 1865
45 226 1773
45 227 8693
45 228 6166
45 229 3103
45 230 5202
46 231 6536
46 232 9378
46 233 2082
46 234 1211
46 235 5975
47 236 6992
47 237 7040
47 238 9942
47 239 5822
