60 59
0 1 5993
0 2 4149
0 3 4318
0 4 4227
0 5 8208
0 6 7052
0 7 8584
0 8 8794
0 9 4803
0 10 3227
0 11 4021
0 12 8708
0 13 3368
0 14 9899
0 15 9362
0 16 7391
0 17 5774
0 18 3089
0 19 3819
0 20 1854
0 21 67
0 22 4623
0 23 6170
0 24 5606
0 25 2300
0 26 8172
0 27 9903
0 28 5947
0 29 7898
0 30 6163
0 31 7346
0 32 1961
0 33 4989
0 34 4177
0 35 1153
0 36 2768
0 37 8163
0 38 9480
1 39 519
1 40 8109
1 41 9844
1 42 3450
1 43 1784
1 44 7509
1 45 6257
1 46 1647
1 47 9104
1 48 4102
1 49 514
1 50 7551
1 51 3364
1 52 1661
1 53 6128
1 54 3535
1 55 6778
1 56 4383
1 57 4854
1 58 6803
1 59 2058
