200 199
0 1 13
0 2 60
0 3 942
0 4 913
0 5 152
0 6 634
0 7 92
0 8 873
0 9 673
0 10 370
0 11 643
0 12 788
0 13 971
0 14 844
0 15 562
0 16 180
0 17 118
0 18 863
0 19 353
0 20 726
0 21 649
0 22 155
0 23 401
0 24 857
0 25 674
0 26 751
0 27 36
0 28 386
0 29 44
1 30 73
1 31 31
1 32 343
1 33 539
1 34 35
1 35 493
1 36 478
1 37 546
1 38 4
1 39 170
1 40 276
1 41 448
1 42 801
1 43 136
1 44 550
1 45 323
1 46 648
1 47 864
1 48 432
1 49 260
1 50 510
1 51 846
1 52 955
1 53 916
1 54 113
1 55 995
1 56 335
1 57 948
1 58 4
2 59 987
2 60 607
2 61 645
2 62 843
2 63 420
2 64 934
2 65 98
2 66 521
2 67 636
2 68 913
2 69 135
2 70 691
2 71 163
2 72 620
2 73 40
2 74 354
2 75 646
2 76 521
2 77 983
2 78 585
2 79 5
2 80 798
2 81 297
2 82 990
2 83 124
2 84 595
2 85 469
2 86 719
2 87 227
3 88 206
3 89 609
3 90 388
3 91 625
3 92 781
3 93 846
3 94 703
3 95 103
3 96 86
3 97 270
3 98 338
3 99 537
3 100 159
3 101 979
3 102 53
3 103 569
3 104 15
3 105 638
3 106 403
3 107 194
3 108 837
3 109 419
3 110 436
3 111 831
3 112 875
3 113 714
3 114 805
3 115 743
3 116 219
4 117 129
4 118 577
4 119 571
4 120 857
4 121 433
4 122 896
4 123 717
4 124 80
4 125 651
4 126 215
4 127 621
4 128 420
4 129 93
4 130 392
4 131 532
4 132 996
4 133 888
4 134 196
4 135 525
4 136 551
4 137 957
4 138 822
4 139 545
4 140 104
4 141 933
4 142 174
4 143 602
4 144 930
4 145 323
5 146 20
5 147 366
5 148 810
5 149 496
5 150 983
5 151 363
5 152 435
5 153 987
5 154 280
5 155 49
5 156 415
5 157 406
5 158 242
5 159 388
5 160 793
5 161 456
5 162 814
5 163 144
5 164 520
5 165 616
5 166 809
5 167 409
5 168 451
5 169 902
5 170 352
5 171 86
5 172 142
5 173 667
5 174 502
6 175 532
6 176 792
6 177 246
6 178 634
6 179 429
6 180 707
6 181 413
6 182 347
6 183 804
6 184 330
6 185 930
6 186 511
6 187 314
6 188 985
6 189 209
6 190 178
6 191 700
6 192 382
6 193 136
6 194 600
6 195 273
6 196 40
6 197 157
6 198 425
6 199 598
