60 59
0 1 7699
0 2 2711
0 3 8420
0 4 8997
0 5 6057
0 6 8882
0 7 2241
0 8 3177
0 9 8335
0 10 4903
0 11 1462
0 12 4231
0 13 8562
0 14 3842
0 15 624
0 16 1042
0 17 9894
0 18 6973
0 19 9612
0 20 3557
0 21 8251
0 22 9334
0 23 3491
0 24 5530
0 25 8294
0 26 4585
0 27 6622
1 28 7290
1 29 9085
1 30 4613
1 31 9003
1 32 2798
1 33 9189
1 34 62
1 35 1575
1 36 1223
1 37 3414
1 38 1289
1 39 9272
1 40 3186
1 41 9099
1 42 9829
1 43 397
1 44 3937
1 45 7465
1 46 6900
1 47 3158
1 48 2883
1 49 5190
1 50 2629
1 51 222
1 52 3490
1 53 6357
1 54 8308
2 55 9076
2 56 6473
2 57 6679
2 58 7880
2 59 6837
