100 99
0 1 749
0 2 347
0 3 220
0 4 126
0 5 305
0 6 31
0 7 797
0 8 989
1 9 871
1 10 171
1 11 703
1 12 907
1 13 753
1 14 287
1 15 260
1 16 274
2 17 713
2 18 944
2 19 737
2 20 994
2 21 797
2 22 187
2 23 486
2 24 401
3 25 732
3 26 474
3 27 45
3 28 949
3 29 717
3 30 748
3 31 262
3 32 873
4 33 439
4 34 560
4 35 660
4 36 955
4 37 268
4 38 448
4 39 736
4 40 684
5 41 959
5 42 172
5 43 142
5 44 133
5 45 634
5 46 660
5 47 711
5 48 946
6 49 125
6 50 356
6 51 936
6 52 346
6 53 120
6 54 177
6 55 736
6 56 979
7 57 836
7 58 180
7 59 985
7 60 680
7 61 183
7 62 329
7 63 867
7 64 611
8 65 87
8 66 427
8 67 562
8 68 905
8 69 888
8 70 8
8 71 518
8 72 684
9 73 980
9 74 889
9 75 631
9 76 659
9 77 317
9 78 312
9 79 125
9 80 736
10 81 562
10 82 703
10 83 937
10 84 614
10 85 1000
10 86 555
10 87 472
10 88 735
11 89 552
11 90 770
11 91 775
11 92 759
11 93 478
11 94 525
11 95 966
11 96 193
12 97 938
12 98 180
12 99 666
