180 179
0 1 6912
0 2 9549
0 3 8798
0 4 1059
0 5 5881
0 6 6986
0 7 6432
0 8 9702
0 9 2868
0 10 5135
1 11 8350
1 12 2317
1 13 358
1 14 391
1 15 7000
1 16 4494
1 17 3655
1 18 2234
1 19 5429
1 20 8
2 21 8568
2 22 807
2 23 9212
2 24 61
2 25 2096
2 26 7226
2 27 15
2 28 3358
2 29 2663
2 30 4341
3 31 9661
3 32 4750
3 33 5601
3 34 3726
3 35 5263
3 36 4044
3 37 2600
3 38 2595
3 39 1419
3 40 4681
4 41 8478
4 42 19
4 43 8905
4 44 7082
4 45 6938
4 46 7232
4 47 5766
4 48 8925
4 49 6104
4 50 603
5 51 6681
5 52 8183
5 53 4065
5 54 6456
5 55 505
5 56 7438
5 57 1127
5 58 4971
5 59 3438
5 60 3229
6 61 6261
6 62 580
6 63 9997
6 64 7412
6 65 1302
6 66 6704
6 67 7130
6 68 3488
6 69 2140
6 70 4046
7 71 1172
7 72 5809
7 73 251
7 74 2337
7 75 1506
7 76 232
7 77 8500
7 78 8876
7 79 7924
7 80 7205
8 81 9220
8 82 769
8 83 4751
8 84 5169
8 85 4537
8 86 5993
8 87 8880
8 88 418
8 89 2846
8 90 9315
9 91 4633
9 92 3471
9 93 920
9 94 9084
9 95 8115
9 96 8537
9 97 8610
9 98 1194
9 99 8531
9 100 9914
10 101 4858
10 102 2697
10 103 946
10 104 9256
10 105 4974
10 106 7094
10 107 2808
10 108 259
10 109 7560
10 110 5507
11 111 4110
11 112 7170
11 113 2350
11 114 6167
11 115 7246
11 116 1218
11 117 1197
11 118 6181
11 119 7182
11 120 430
12 121 8909
12 122 1850
12 123 2407
12 124 9246
12 125 493
12 126 7761
12 127 423
12 128 4833
12 129 9528
12 130 1307
13 131 3976
13 132 8854
13 133 5940
13 134 5427
13 135 1328
13 136 5548
13 137 5667
13 138 6459
13 139 2568
13 140 4324
14 141 9902
14 142 1248
14 143 4201
14 144 5502
14 145 4577
14 146 8026
14 147 4801
14 148 133
14 149 1242
14 150 3147
15 151 3900
15 152 7881
15 153 2457
15 154 6858
15 155 9751
15 156 2304
15 157 5920
15 158 7555
15 159 6756
15 160 1502
16 161 4390
16 162 5739
16 163 7817
16 164 5054
16 165 5079
16 166 8452
16 167 2419
16 168 3181
16 169 624
16 170 8418
17 171 409
17 172 2623
17 173 4992
17 174 3161
17 175 8843
17 176 2723
17 177 8988
17 178 5683
17 179 6018
