100 99
0 1 9634
0 2 3309
0 3 6817
0 4 6432
0 5 2565
0 6 2877
0 7 6732
0 8 5138
0 9 7474
0 10 4857
0 11 1397
0 12 1684
0 13 2
0 14 2807
0 15 4118
0 16 5174
0 17 7666
0 18 7722
0 19 727
0 20 3914
0 21 159
0 22 7547
0 23 1694
0 24 6122
0 25 9288
0 26 7231
1 27 5152
1 28 5935
1 29 8767
1 30 1392
1 31 6801
1 32 9640
1 33 2256
1 34 3107
1 35 507
1 36 337
1 37 9783
1 38 3139
1 39 2083
1 40 2421
1 41 5186
1 42 666
1 43 7808
1 44 7874
1 45 5386
1 46 2308
1 47 6724
1 48 8327
1 49 4071
1 50 3452
1 51 9066
1 52 1899
2 53 3473
2 54 459
2 55 7549
2 56 8252
2 57 9693
2 58 7350
2 59 8981
2 60 4827
2 61 2525
2 62 503
2 63 2535
2 64 4518
2 65 4384
2 66 3946
2 67 8654
2 68 8019
2 69 5587
2 70 4921
2 71 2496
2 72 3715
2 73 7495
2 74 4028
2 75 1934
2 76 1370
2 77 3454
2 78 8331
3 79 1319
3 80 1507
3 81 950
3 82 2166
3 83 5781
3 84 6752
3 85 5928
3 86 3829
3 87 8287
3 88 4224
3 89 3667
3 90 1565
3 91 51
3 92 1241
3 93 4761
3 94 3586
3 95 2906
3 96 4631
3 97 76
3 98 3417
3 99 9151
