300 299
0 1 4540
0 2 7643
0 3 1211
0 4 3632
0 5 8457
0 6 5157
0 7 3185
0 8 4356
0 9 5421
0 10 5271
0 11 4535
0 12 5722
0 13 9734
0 14 1504
0 15 1387
0 16 8038
1 17 257
1 18 3304
1 19 2269
1 20 513
1 21 8522
1 22 8024
1 23 5299
1 24 206
1 25 4432
1 26 8904
1 27 9313
1 28 9130
1 29 5736
1 30 3196
1 31 7500
1 32 3401
2 33 2309
2 34 1812
2 35 3369
2 36 460
2 37 5173
2 38 1794
2 39 6872
2 40 2539
2 41 1862
2 42 4134
2 43 2404
2 44 4953
2 45 8306
2 46 4964
2 47 2551
2 48 4922
3 49 7195
3 50 9031
3 51 2776
3 52 5158
3 53 3768
3 54 3066
3 55 6648
3 56 5344
3 57 3156
3 58 6545
3 59 6223
3 60 4394
3 61 9013
3 62 3518
3 63 4490
3 64 2184
4 65 8164
4 66 5347
4 67 6341
4 68 2380
4 69 7264
4 70 8595
4 71 9173
4 72 4176
4 73 5765
4 74 7453
4 75 9096
4 76 300
4 77 3040
4 78 9147
4 79 6646
4 80 201
5 81 466
5 82 7401
5 83 9566
5 84 198
5 85 8240
5 86 5687
5 87 503
5 88 8477
5 89 1980
5 90 2509
5 91 4437
5 92 2583
5 93 678
5 94 9187
5 95 9209
5 96 9773
6 97 6344
6 98 6220
6 99 2315
6 100 3292
6 101 493
6 102 5276
6 103 3150
6 104 5829
6 105 5458
6 106 4992
6 107 9409
6 108 437
6 109 6980
6 110 8526
6 111 680
6 112 1648
7 113 2286
7 114 1288
7 115 2088
7 116 6139
7 117 8277
7 118 7758
7 119 6989
7 120 4664
7 121 1110
7 122 8574
7 123 8868
7 124 8411
7 125 2922
7 126 9003
7 127 6349
7 128 7795
8 129 3392
8 130 4441
8 131 3010
8 132 8518
8 133 2604
8 134 747
8 135 2282
8 136 7013
8 137 2177
8 138 4541
8 139 9329
8 140 5850
8 141 1440
8 142 8369
8 143 2264
8 144 7751
9 145 4735
9 146 6481
9 147 4220
9 148 3184
9 149 2617
9 150 3421
9 151 8252
9 152 3029
9 153 233
9 154 3486
9 155 6309
9 156 2270
9 157 167
9 158 19
9 159 2197
9 160 325
10 161 1092
10 162 2890
10 163 3237
10 164 1632
10 165 3275
10 166 6518
10 167 7796
10 168 842
10 169 5403
10 170 6299
10 171 8859
10 172 1255
10 173 4874
10 174 7812
10 175 2670
10 176 6539
11 177 5345
11 178 6846
11 179 8352
11 180 157
11 181 3334
11 182 2208
11 183 8523
11 184 9283
11 185 6312
11 186 6038
11 187 8907
11 188 7063
11 189 1512
11 190 4346
11 191 7393
11 192 8125
12 193 5143
12 194 481
12 195 490
12 196 6193
12 197 8092
12 198 1444
12 199 7519
12 200 6711
12 201 6978
12 202 5403
12 203 1367
12 204 9210
12 205 6421
12 206 9351
12 207 9268
12 208 3179
13 209 9766
13 210 9026
13 211 9203
13 212 8396
13 213 7670
13 214 2071
13 215 5141
13 216 3674
13 217 1931
13 218 601
13 219 5381
13 220 4036
13 221 309
13 222 8886
13 223 2786
13 224 1545
14 225 5417
14 226 5195
14 227 481
14 228 5792
14 229 4883
14 230 5544
14 231 9722
14 232 2443
14 233 92
14 234 7987
14 235 5787
14 236 7598
14 237 2609
14 238 7243
14 239 1531
14 240 4575
15 241 5944
15 242 1268
15 243 2758
15 244 4949
15 245 6408
15 246 7777
15 247 6272
15 248 1706
15 249 8177
15 250 8313
15 251 1634
15 252 9006
15 253 4497
15 254 7605
15 255 1594
15 256 5257
16 257 9077
16 258 4834
16 259 2918
16 260 8129
16 261 5282
16 262 1526
16 263 3329
16 264 6193
16 265 4726
16 266 2152
16 267 9641
16 268 9099
16 269 6687
16 270 8744
16 271 1736
16 272 3288
17 273 9822
17 274 1626
17 275 2513
17 276 9633
17 277 2805
17 278 5187
17 279 3963
17 280 1435
17 281 9131
17 282 2183
17 283 4174
17 284 4772
17 285 1656
17 286 5711
17 287 7154
17 288 5684
18 289 9153
18 290 237
18 291 796
18 292 5922
18 293 8275
18 294 6649
18 295 4799
18 296 1927
18 297 1780
18 298 6333
18 299 6399
