100 99
0 1 3082
0 2 7124
0 3 723
0 4 1199
0 5 380
0 6 3166
0 7 9452
0 8 6322
0 9 215
0 10 2086
0 11 8402
0 12 6339
0 13 7554
0 14 98
0 15 4124
0 16 1204
1 17 320
1 18 3444
1 19 8025
1 20 2177
1 21 3966
1 22 6167
1 23 2778
1 24 1026
1 25 3077
1 26 4433
1 27 5109
1 28 2563
1 29 8978
1 30 8613
1 31 7632
1 32 4970
2 33 1150
2 34 9051
2 35 8913
2 36 5440
2 37 8438
2 38 4949
2 39 8616
2 40 5423
2 41 836
2 42 2756
2 43 5419
2 44 3053
2 45 8178
2 46 7243
2 47 7653
2 48 8491
3 49 9986
3 50 7578
3 51 2119
3 52 3492
3 53 4330
3 54 5226
3 55 6819
3 56 2563
3 57 1731
3 58 1829
3 59 9253
3 60 4440
3 61 7869
3 62 1921
3 63 2665
3 64 7034
4 65 2113
4 66 8261
4 67 8066
4 68 1727
4 69 6057
4 70 4665
4 71 5491
4 72 8913
4 73 8287
4 74 3122
4 75 9919
4 76 188
4 77 9825
4 78 9811
4 79 7634
4 80 2878
5 81 7658
5 82 7140
5 83 1341
5 84 4498
5 85 31
5 86 8235
5 87 7489
5 88 7891
5 89 8918
5 90 650
5 91 5853
5 92 2911
5 93 3420
5 94 3681
5 95 6235
5 96 3904
6 97 8624
6 98 9822
6 99 504
