80 79
0 1 5
0 2 5
0 3 4
0 4 5
0 5 1
0 6 3
0 7 4
0 8 2
0 9 3
0 10 2
0 11 1
0 12 1
0 13 3
0 14 1
0 15 1
0 16 1
0 17 4
0 18 3
0 19 2
0 20 5
0 21 3
0 22 4
0 23 4
0 24 4
0 25 3
0 26 2
0 27 3
0 28 4
0 29 1
0 30 5
0 31 1
0 32 5
0 33 5
0 34 1
0 35 2
0 36 2
0 37 5
0 38 3
0 39 4
0 40 5
0 41 5
0 42 5
0 43 1
0 44 5
0 45 4
0 46 5
0 47 4
1 48 1
1 49 4
1 50 3
1 51 4
1 52 4
1 53 1
1 54 5
1 55 5
1 56 3
1 57 3
1 58 1
1 59 4
1 60 1
1 61 5
1 62 3
1 63 2
1 64 1
1 65 3
1 66 3
1 67 4
1 68 4
1 69 5
1 70 1
1 71 5
1 72 5
1 73 1
1 74 1
1 75 5
1 76 4
1 77 3
1 78 5
1 79 5
