100 99
0 1 5401
0 2 3190
0 3 3463
0 4 5766
0 5 8715
0 6 1067
0 7 6388
0 8 1397
0 9 7869
0 10 688
0 11 6561
0 12 3005
0 13 8837
0 14 8527
0 15 8763
0 16 6194
0 17 8222
0 18 1438
0 19 7211
0 20 3665
0 21 9529
0 22 5863
0 23 447
0 24 6561
0 25 170
0 26 2611
0 27 4911
0 28 6568
0 29 8341
0 30 5458
0 31 429
0 32 5490
0 33 9913
0 34 151
1 35 5881
1 36 9366
1 37 7483
1 38 7584
1 39 2049
1 40 2167
1 41 4417
1 42 4555
1 43 1522
1 44 6203
1 45 7867
1 46 4308
1 47 8970
1 48 3527
1 49 6467
1 50 443
1 51 9272
1 52 6750
1 53 6994
1 54 2132
1 55 8874
1 56 1411
1 57 2125
1 58 7416
1 59 4465
1 60 7847
1 61 6455
1 62 3832
1 63 8074
1 64 1918
1 65 7826
1 66 6552
1 67 8936
1 68 2002
2 69 3111
2 70 2916
2 71 7528
2 72 2428
2 73 3981
2 74 2321
2 75 9980
2 76 8897
2 77 1382
2 78 2545
2 79 8982
2 80 9046
2 81 5400
2 82 7124
2 83 4022
2 84 3252
2 85 7497
2 86 3027
2 87 3069
2 88 1734
2 89 3772
2 90 1000
2 91 5484
2 92 4299
2 93 858
2 94 5932
2 95 6869
2 96 1052
2 97 6386
2 98 5956
2 99 6813
