200 199
0 1 3066
0 2 961
0 3 5004
0 4 896
0 5 5501
0 6 5817
0 7 5608
0 8 1171
0 9 7372
0 10 22
0 11 3580
0 12 6950
0 13 7331
0 14 5221
0 15 3726
0 16 1222
0 17 2326
0 18 9714
0 19 3243
0 20 7454
0 21 6789
0 22 8306
1 23 4059
1 24 7957
1 25 8091
1 26 8377
1 27 2766
1 28 3197
1 29 4725
1 30 715
1 31 3312
1 32 8324
1 33 1202
1 34 3909
1 35 621
1 36 4365
1 37 5796
1 38 573
1 39 6325
1 40 8312
1 41 492
1 42 6197
1 43 5422
1 44 3713
2 45 7794
2 46 8024
2 47 3116
2 48 5015
2 49 6476
2 50 9415
2 51 450
2 52 7672
2 53 3330
2 54 3777
2 55 8156
2 56 4246
2 57 6993
2 58 7559
2 59 9378
2 60 2702
2 61 1789
2 62 6870
2 63 4235
2 64 7460
2 65 4723
2 66 2609
3 67 2008
3 68 1229
3 69 4656
3 70 1165
3 71 4201
3 72 391
3 73 8720
3 74 2920
3 75 8075
3 76 9568
3 77 5034
3 78 7116
3 79 1628
3 80 3256
3 81 4204
3 82 2373
3 83 8232
3 84 7774
3 85 4543
3 86 2871
3 87 9031
3 88 663
4 89 9246
4 90 5322
4 91 8439
4 92 8966
4 93 4399
4 94 7418
4 95 7928
4 96 1757
4 97 7686
4 98 9333
4 99 8801
4 100 9917
4 101 2529
4 102 2923
4 103 529
4 104 8134
4 105 2434
4 106 4996
4 107 2171
4 108 9253
4 109 7492
4 110 2634
5 111 7682
5 112 4998
5 113 1427
5 114 8642
5 115 7217
5 116 556
5 117 8653
5 118 8424
5 119 1995
5 120 6057
5 121 9
5 122 8586
5 123 4005
5 124 7860
5 125 8394
5 126 2877
5 127 9439
5 128 7482
5 129 5404
5 130 2812
5 131 4145
5 132 8213
6 133 2094
6 134 4039
6 135 1633
6 136 3893
6 137 1131
6 138 5796
6 139 6059
6 140 5579
6 141 7865
6 142 167
6 143 9833
6 144 9400
6 145 3345
6 146 3539
6 147 7895
6 148 2361
6 149 9868
6 150 9692
6 151 4487
6 152 3367
6 153 5858
6 154 6434
7 155 9140
7 156 3636
7 157 5084
7 158 7524
7 159 4690
7 160 8280
7 161 9696
7 162 4864
7 163 8527
7 164 2282
7 165 9830
7 166 127
7 167 6836
7 168 4342
7 169 5044
7 170 6993
7 171 8556
7 172 2406
7 173 6792
7 174 9236
7 175 9292
7 176 6895
8 177 7304
8 178 9230
8 179 4392
8 180 2651
8 181 6860
8 182 3439
8 183 5882
8 184 8224
8 185 6009
8 186 1315
8 187 6506
8 188 6373
8 189 9653
8 190 1291
8 191 5741
8 192 3218
8 193 824
8 194 8981
8 195 702
8 196 3594
8 197 960
8 198 2710
9 199 5921
