250 249
0 1 7714
0 2 1107
0 3 6935
0 4 760
0 5 5779
0 6 8607
0 7 352
0 8 444
0 9 3886
0 10 6310
0 11 828
0 12 2677
0 13 5082
0 14 9540
0 15 25
0 16 2279
0 17 7669
0 18 7361
0 19 5334
0 20 116
0 21 6419
0 22 6714
0 23 111
0 24 1736
0 25 858
0 26 5179
0 27 6320
0 28 996
0 29 379
0 30 8023
0 31 1050
0 32 2544
0 33 8783
0 34 2256
0 35 1139
0 36 2475
0 37 9058
0 38 2865
0 39 2268
1 40 7740
1 41 4523
1 42 4739
1 43 7236
1 44 5417
1 45 3357
1 46 4813
1 47 8627
1 48 7098
1 49 5050
1 50 8671
1 51 2700
1 52 7614
1 53 2327
1 54 2403
1 55 2568
1 56 2036
1 57 2787
1 58 1976
1 59 4703
1 60 8151
1 61 671
1 62 761
1 63 2918
1 64 6986
1 65 119
1 66 1582
1 67 6989
1 68 5346
1 69 9373
1 70 8605
1 71 3246
1 72 7278
1 73 182
1 74 6949
1 75 7234
1 76 8911
1 77 1707
1 78 4721
2 79 8224
2 80 9489
2 81 3081
2 82 6104
2 83 8436
2 84 7203
2 85 7994
2 86 8822
2 87 6962
2 88 8821
2 89 6045
2 90 860
2 91 1113
2 92 7895
2 93 9442
2 94 752
2 95 2850
2 96 3794
2 97 2860
2 98 2125
2 99 3822
2 100 583
2 101 4615
2 102 3745
2 103 4934
2 104 7545
2 105 3293
2 106 4379
2 107 4696
2 108 1315
2 109 7660
2 110 324
2 111 6877
2 112 9810
2 113 6072
2 114 3729
2 115 1260
2 116 1700
2 117 7130
3 118 3590
3 119 3828
3 120 4436
3 121 8754
3 122 7936
3 123 3220
3 124 292
3 125 9676
3 126 4794
3 127 7994
3 128 7523
3 129 6052
3 130 855
3 131 1010
3 132 9278
3 133 3793
3 134 6770
3 135 4501
3 136 7900
3 137 8108
3 138 911
3 139 7538
3 140 5544
3 141 3313
3 142 4596
3 143 3674
3 144 5052
3 145 5306
3 146 8666
3 147 739
3 148 7902
3 149 4603
3 150 6911
3 151 959
3 152 5422
3 153 3686
3 154 9660
3 155 2397
3 156 97
4 157 4179
4 158 9431
4 159 574
4 160 7005
4 161 1472
4 162 1251
4 163 8138
4 164 216
4 165 9467
4 166 9640
4 167 2824
4 168 655
4 169 4564
4 170 6475
4 171 9326
4 172 7705
4 173 1841
4 174 5178
4 175 256
4 176 5555
4 177 803
4 178 7885
4 179 8756
4 180 8743
4 181 2256
4 182 9839
4 183 2283
4 184 3208
4 185 4724
4 186 1914
4 187 8860
4 188 1082
4 189 9628
4 190 9739
4 191 7736
4 192 329
4 193 2510
4 194 3082
4 195 7636
5 196 8892
5 197 1731
5 198 406
5 199 6990
5 200 7849
5 201 3785
5 202 7304
5 203 9707
5 204 7249
5 205 4307
5 206 5216
5 207 5725
5 208 4149
5 209 2262
5 210 8700
5 211 5633
5 212 4057
5 213 2371
5 214 5757
5 215 1143
5 216 2868
5 217 6181
5 218 474
5 219 5672
5 220 9436
5 221 6644
5 222 8054
5 223 1238
5 224 568
5 225 6486
5 226 729
5 227 9414
5 228 2318
5 229 3499
5 230 3852
5 231 3019
5 232 8389
5 233 5655
5 234 6127
6 235 8647
6 236 9148
6 237 2258
6 238 808
6 239 7235
6 240 1668
6 241 6023
6 242 492
6 243 3163
6 244 7071
6 245 8721
6 246 3158
6 247 2161
6 248 5728
6 249 8828
